tree
version=v4
num_class=1
num_tree_per_iteration=1
label_index=0
max_feature_idx=9
objective=quantile
feature_names=legal_balls balls_remaining wickets runs_vs_par run_rate_rel runs_last_12 wickets_last_12 crease_sr_idx crease_avg_idx crease_balls
feature_infos=[0:119] [1:120] [0:9] [-86.099541732000006:111.581242707] [0:8.3184877693433137] [0:60] [0:5] [0.79223889800000002:1.289539974] [0.51074293000000004:1.899443998] [0:115]
tree_sizes=760 812 814 814 808 823 814 807 811 816 808 814 810 812 815 810 816 812 815 816 815 807 807 814 822 812 815 813 811 814 810 814 819 814 821 811 814 818 817 820 817 812 822 822 823 823 815 806 814 808 814 817 815 807 825 821 817 822 818 811 822 810 821 806 822 819 823 824 819 808 813 805 813 819 817 811 817 817 819 815 828 810 821 819 814 807 817 818 813

Tree=0
num_leaves=7
num_cat=0
split_feature=0 4 9 2 9 0
split_gain=1774.71 718.983 340.028 192.375 175.487 124.13
threshold=55.500000000000007 0.85171588556005784 25.500000000000004 4.5000000000000009 22.500000000000004 88.500000000000014
decision_type=2 10 2 2 2 2
left_child=2 3 -1 -2 -3 -5
right_child=1 4 -4 5 -6 -7
leaf_value=1.0956233769655228 1.1011962860822677 1.1037642717361451 1.0994946837425232 1.0891545593738556 1.1080333411693573 1.0965208113193512
leaf_weight=51478 12322 17839 18573 4491 37587 7635
leaf_count=51478 12322 17839 18573 4491 37587 7635
internal_value=1.0995 1.10459 1.09369 1.09745 1.10774 1.09298
internal_weight=149925 79874 70051 24448 55426 12126
internal_count=149925 79874 70051 24448 55426 12126
is_linear=0
shrinkage=1


Tree=1
num_leaves=7
num_cat=0
split_feature=0 3 9 9 3 9
split_gain=1589.42 593.411 286.797 184.735 141.787 121.638
threshold=54.500000000000007 -18.035382482499994 25.500000000000004 35.500000000000007 -38.838816215499996 24.500000000000004
decision_type=2 2 2 2 2 2
left_child=2 4 -1 -3 -2 -6
right_child=1 3 -4 -5 5 -7
leaf_value=-0.0036915661394596126 -0.0098000875860452651 0.0044249215722084066 -5.3962469100954373e-05 0.0084438690543174773 -0.0043732550740242021 0.0027153634279966365
leaf_weight=51173 3996 31899 17762 26842 8248 10418
leaf_count=51173 3996 31899 17762 26842 8248 10418
internal_value=1.09749e-05 0.00474186 -0.0055755 0.00739327 -0.00213085 -0.00029993
internal_weight=150338 81403 68935 58741 22662 18666
internal_count=150338 81403 68935 58741 22662 18666
is_linear=0
shrinkage=0.05


Tree=2
num_leaves=7
num_cat=0
split_feature=1 4 9 2 9 3
split_gain=1471.13 549.992 410.448 199.742 148.207 121.103
threshold=57.500000000000007 0.86263452921643191 24.500000000000004 4.5000000000000009 14.500000000000002 7.4304394665000002
decision_type=2 10 2 2 2 2
left_child=1 3 -2 -1 -3 -4
right_child=2 4 5 -5 -6 -7
leaf_value=0.0029080709367990567 -0.0036373193487524991 0.0030363724678754813 -0.00074847477674484526 -0.0055114949159324137 0.0087403496652841643 0.0034160466790199352
leaf_weight=10355 52853 10018 20151 12244 38479 6096
leaf_count=10355 52853 10018 20151 12244 38479 6096
internal_value=-4.36082e-05 0.00517574 -0.00473485 -0.00126637 0.0081775 0.000376162
internal_weight=150196 71096 79100 22599 48497 26247
internal_count=150196 71096 79100 22599 48497 26247
is_linear=0
shrinkage=0.05


Tree=3
num_leaves=7
num_cat=0
split_feature=0 4 9 9 9 4
split_gain=1325.56 520.715 312.714 155.616 137.247 127.955
threshold=59.500000000000007 0.86263452921643191 28.500000000000004 27.500000000000004 13.500000000000002 0.98123605714919004
decision_type=2 10 2 2 2 10
left_child=2 3 5 -2 -3 -1
right_child=1 4 -4 -5 -6 -7
leaf_value=-0.004048400387540463 -0.0046264069469645567 0.0022474248953163636 0.0006500478476285876 0.0023038043886423167 0.0078004597149789363 -0.0013529999436810659
leaf_weight=40473 12243 9344 17106 11859 41495 17518
leaf_count=40473 12243 9344 17106 11859 41495 17518
internal_value=2.53261e-05 0.00472974 -0.00466932 -0.00132327 0.00759923 -0.00642156
internal_weight=150038 74941 75097 24102 50839 57991
internal_count=150038 74941 75097 24102 50839 57991
is_linear=0
shrinkage=0.05


Tree=4
num_leaves=7
num_cat=0
split_feature=1 2 9 1 5 3
split_gain=1204.82 449.19 357.763 179.695 155.168 151.909
threshold=54.500000000000007 5.5000000000000009 20.500000000000004 28.500000000000004 16.500000000000004 7.4304394665000002
decision_type=2 2 2 2 2 2
left_child=1 4 -2 -3 -1 -4
right_child=2 3 5 -5 -6 -7
leaf_value=0.0035378633535280814 -0.0035134728770516823 -0.00030495558689347391 -0.0010040881645912326 -0.015914811151204623 0.00900816903475672 0.0030657923574559376
leaf_weight=23723 45766 12262 29228 2549 28893 7868
leaf_count=23723 45766 12262 29228 2549 28893 7868
internal_value=3.49315e-06 0.00496611 -0.00403478 -0.00272509 0.00713118 -0.000385434
internal_weight=150289 67427 82862 14811 52616 37096
internal_count=150289 67427 82862 14811 52616 37096
is_linear=0
shrinkage=0.05


Tree=5
num_leaves=7
num_cat=0
split_feature=0 4 4 9 4 6
split_gain=1110.76 506.442 178.178 167.689 128.448 106.316
threshold=52.500000000000007 0.8193811515731283 0.98123605714919004 38.500000000000007 0.63726644315453129 1.0000000180025095e-35
decision_type=2 10 10 2 10 2
left_child=2 4 5 -3 -2 -1
right_child=1 3 -4 -5 -6 -7
leaf_value=-0.0022557439307819616 -0.0093976636264143723 0.0037461956234332129 -0.00055423875672276916 0.0074500766015384579 -0.0009015706326949924 -0.0046816544950017752
leaf_weight=25922 3636 38119 22747 24896 17023 17649
leaf_count=25922 3636 38119 22747 24896 17023 17649
internal_value=3.36673e-05 0.00386417 -0.00479924 0.00609132 -0.00292901 -0.00667168
internal_weight=149992 83674 66318 63015 20659 43571
internal_count=149992 83674 66318 63015 20659 43571
is_linear=0
shrinkage=0.05


Tree=6
num_leaves=7
num_cat=0
split_feature=9 0 3 3 4 0
split_gain=1021.93 487.336 188.413 150.851 143.93 96.7938
threshold=32.500000000000007 76.500000000000014 -21.024517700999997 4.2663702895000002 0.75842897517648833 76.500000000000014
decision_type=2 2 2 2 10 2
left_child=1 4 -3 5 -1 -2
right_child=3 2 -4 -5 -6 -7
leaf_value=-0.0040568157161262495 0.00062238507580103519 -0.0038858115563993436 0.0056744589579083909 0.0072964695429543203 -0.0016931994119295469 0.0064666605663278092
leaf_weight=26975 15338 8408 20959 17187 46407 14659
leaf_count=26975 15338 8408 20959 17187 46407 14659
internal_value=-2.8345e-06 -0.00280013 0.00264282 0.00608828 -0.0049784 0.00394724
internal_weight=149933 102749 29367 47184 73382 29997
internal_count=149933 102749 29367 47184 73382 29997
is_linear=0
shrinkage=0.05


Tree=7
num_leaves=7
num_cat=0
split_feature=0 2 9 2 0 4
split_gain=935.424 396.642 349.665 131.673 121.018 116.842
threshold=70.500000000000014 5.5000000000000009 27.500000000000004 4.5000000000000009 93.500000000000014 0.80791267889878393
decision_type=2 2 2 2 2 10
left_child=2 5 3 -1 -3 -2
right_child=1 4 -4 -5 -6 -7
leaf_value=-0.0024450913979876202 0.00095511012409148503 -0.013371616358008865 0.00073241042741899469 -0.016698603922494455 -0.00025635637546580494 0.0074146592804173132
leaf_weight=59444 6777 2757 27424 1882 11807 39865
leaf_count=59444 6777 2757 27424 1882 11807 39865
internal_value=2.10055e-05 0.0047761 -0.00325841 -0.005357 -0.00242638 0.0070251
internal_weight=149956 61206 88750 61326 14564 46642
internal_count=149956 61206 88750 61326 14564 46642
is_linear=0
shrinkage=0.05


Tree=8
num_leaves=7
num_cat=0
split_feature=0 2 9 2 2 4
split_gain=874.901 365.884 355.313 147.851 102.656 94.1246
threshold=73.500000000000014 5.5000000000000009 29.500000000000004 3.5000000000000004 7.5000000000000009 0.79800359875750637
decision_type=2 2 2 2 2 10
left_child=2 5 3 -1 -3 -2
right_child=1 4 -4 -5 -6 -7
leaf_value=-0.0020300448971477757 0.00091667447455666688 0.00039746913742274572 0.0010218520852741553 -0.0084997383530858502 -0.017132917107367418 0.0074892255934480402
leaf_weight=59601 5236 10789 26051 6681 3563 37922
leaf_count=59601 5236 10789 26051 6681 3563 37922
internal_value=-2.55259e-05 0.00481527 -0.00304073 -0.00498514 -0.00210002 0.00711489
internal_weight=149843 57510 92333 66282 14352 43158
internal_count=149843 57510 92333 66282 14352 43158
is_linear=0
shrinkage=0.05


Tree=9
num_leaves=7
num_cat=0
split_feature=9 1 3 4 4 1
split_gain=793.282 376.318 155.475 145.079 125.569 96.778
threshold=31.500000000000004 37.500000000000007 5.1267810770000013 0.77477145001018477 0.86263452921643191 42.500000000000007
decision_type=2 2 2 10 10 2
left_child=1 4 5 -3 -1 -2
right_child=2 3 -4 -5 -6 -7
leaf_value=-0.0026669310712099104 0.0057727885374527672 -0.0036329301269004467 0.0065454180456445913 -0.001342806707657046 0.0059308158906777216 0.00033424742988185101
leaf_weight=8155 15082 29277 17151 45502 17284 17601
leaf_count=8155 15082 29277 17151 45502 17284 17601
internal_value=-1.16622e-05 -0.00257526 0.00514356 -0.00436223 0.00267745 0.00311965
internal_weight=150052 100218 49834 74779 25439 32683
internal_count=150052 100218 49834 74779 25439 32683
is_linear=0
shrinkage=0.05


Tree=10
num_leaves=7
num_cat=0
split_feature=0 2 3 2 0 2
split_gain=742.116 330.386 228.499 139.8 137.909 135.922
threshold=71.500000000000014 6.5000000000000009 2.4100832865000004 3.5000000000000004 44.500000000000007 3.5000000000000004
decision_type=2 2 2 2 2 2
left_child=2 5 3 4 -1 -2
right_child=1 -3 -4 -5 -6 -7
leaf_value=-0.002421442864442003 0.0070411670995330416 -0.0081023495391382202 0.00078664600496647363 -0.0078075881690023441 6.2740551473899897e-05 0.0040117137566340836
leaf_weight=42612 21332 7534 21597 7133 18686 31105
leaf_count=42612 21332 7534 21597 7133 18686 31105
internal_value=4.74987e-05 0.00435633 -0.00282285 -0.0042379 -0.00346639 0.00576303
internal_weight=149999 59971 90028 68431 61298 52437
internal_count=149999 59971 90028 68431 61298 52437
is_linear=0
shrinkage=0.05


Tree=11
num_leaves=7
num_cat=0
split_feature=9 1 4 4 3 3
split_gain=699.484 357.753 160.513 114.944 92.5942 87.159
threshold=35.500000000000007 34.500000000000007 0.72727744271604522 0.86263452921643191 6.0909461060000014 22.878424782500002
decision_type=2 2 10 10 2 2
left_child=1 3 -3 -1 -2 -4
right_child=4 2 5 -5 -6 -7
leaf_value=-0.0020295962310878492 0.002745525163849738 -0.0036383793954361866 -0.0012833510137047366 0.006219105687690147 0.0067185035234115899 0.0075730075196013382
leaf_weight=8202 26039 25155 57338 17980 13953 1372
leaf_count=8202 26039 25155 57338 17980 13953 1372
internal_value=-9.83045e-06 -0.00206789 -0.00366072 0.00303395 0.00565292 -0.00222856
internal_weight=150039 110047 83865 26182 39992 58710
internal_count=150039 110047 83865 26182 39992 58710
is_linear=0
shrinkage=0.05


Tree=12
num_leaves=7
num_cat=0
split_feature=9 1 2 2 9 1
split_gain=636.807 309.561 174.787 172.74 115.059 99.3191
threshold=34.500000000000007 39.500000000000007 4.5000000000000009 7.5000000000000009 15.500000000000002 39.500000000000007
decision_type=2 2 2 2 2 2
left_child=1 3 4 -1 -3 -2
right_child=5 2 -4 -5 -6 -7
leaf_value=0.0041706092979954534 0.0077933532338491322 -0.0025251021246080808 -0.012528465559534685 -0.015680642388045774 -0.00064056106202876612 0.0016259677988985867
leaf_weight=25503 19897 35453 3819 3159 39761 22219
leaf_count=25503 19897 35453 3819 3159 39761 22219
internal_value=1.88565e-05 -0.00201973 -0.00363401 0.00243137 -0.0031036 0.00523136
internal_weight=149811 107695 79033 28662 75214 42116
internal_count=149811 107695 79033 28662 75214 42116
is_linear=0
shrinkage=0.05


Tree=13
num_leaves=7
num_cat=0
split_feature=0 2 3 6 2 0
split_gain=593.296 285.716 197.181 147.663 86.3896 83.1354
threshold=75.500000000000014 5.5000000000000009 7.737211620000001 1.0000000180025095e-35 4.5000000000000009 104.50000000000001
decision_type=2 2 2 2 2 2
left_child=2 -2 3 -1 -5 -3
right_child=1 5 -4 4 -6 -7
leaf_value=-0.00077524661325130699 0.0058026445089159441 -0.0070656349578218543 0.0019782683804846824 -0.0026371669879725669 -0.014416020746526549 0.0019061872321570973
leaf_weight=50446 40816 5641 12796 29656 2295 8532
leaf_count=50446 40816 5641 12796 29656 2295 8532
internal_value=3.2626e-05 0.00416727 -0.00235588 -0.00325265 -0.00591204 -0.00194844
internal_weight=150182 54989 95193 82397 31951 14173
internal_count=150182 54989 95193 82397 31951 14173
is_linear=0
shrinkage=0.05


Tree=14
num_leaves=7
num_cat=0
split_feature=0 4 9 9 3 3
split_gain=534.686 271.032 173.763 150.373 82.983 77.0389
threshold=63.500000000000007 0.70434005039903458 15.500000000000002 18.500000000000004 4.2663702895000002 4.4748090500000002
decision_type=2 10 2 2 2 2
left_child=3 -2 -3 -1 -4 -5
right_child=1 2 4 5 -6 -7
leaf_value=-0.0023946034084458725 -0.0066395527916382705 -0.00051483253397623943 0.0033477304049245038 -0.00094283366274330318 0.0077024200240111591 0.0015829529836425993
leaf_weight=40763 5311 15092 32684 29001 17063 10404
leaf_count=40763 5311 15092 32684 29001 17063 10404
internal_value=6.21994e-05 0.00324995 0.00413955 -0.00272723 0.0055651 -0.000524613
internal_weight=150318 70150 64839 80168 49747 39405
internal_count=150318 70150 64839 80168 49747 39405
is_linear=0
shrinkage=0.05


Tree=15
num_leaves=7
num_cat=0
split_feature=0 2 2 0 0 2
split_gain=473.95 237.251 159.394 124.796 107.41 129.939
threshold=66.500000000000014 5.5000000000000009 3.5000000000000004 44.500000000000007 90.500000000000014 3.5000000000000004
decision_type=2 2 2 2 2 2
left_child=2 4 3 -1 5 -2
right_child=1 -3 -4 -5 -6 -7
leaf_value=-0.0014748210988550503 0.0035001957459161737 -0.0029426560363064406 -0.0081775837143714166 0.00058727414105831936 0.0084522233985426572 -0.0015000380629620503
leaf_weight=55435 17534 14704 5706 22856 23809 10158
leaf_count=55435 17534 14704 5706 22856 23809 10158
internal_value=3.4286e-05 0.00319778 -0.00245917 -0.00187079 0.00479701 0.00267899
internal_weight=150202 66205 83997 78291 51501 27692
internal_count=150202 66205 83997 78291 51501 27692
is_linear=0
shrinkage=0.05


Tree=16
num_leaves=7
num_cat=0
split_feature=9 0 4 7 9 9
split_gain=463.256 246.992 111.423 99.7898 82.0519 67.4292
threshold=35.500000000000007 89.500000000000014 0.71689719564218446 0.9844942725000001 13.500000000000002 46.500000000000007
decision_type=2 2 10 2 2 2
left_child=1 2 -1 -4 -3 -2
right_child=5 4 3 -5 -6 -7
leaf_value=-0.0030416155880860886 0.0017696060449162944 -0.00090430606162480998 -0.0023714680965152279 -0.00025885889597498934 0.0062227899011817137 0.00508600805353745
leaf_weight=24179 20299 9630 19015 42955 13933 19677
leaf_count=24179 20299 9630 19015 42955 13933 19677
internal_value=2.0041e-06 -0.00167704 -0.00291774 -0.00179427 0.00285875 0.00460969
internal_weight=149688 109712 86149 61970 23563 39976
internal_count=149688 109712 86149 61970 23563 39976
is_linear=0
shrinkage=0.05


Tree=17
num_leaves=7
num_cat=0
split_feature=9 0 4 4 4 0
split_gain=437.95 229.996 121.037 105.179 99.6586 72.3645
threshold=19.500000000000004 83.500000000000014 0.88855085690450586 0.70870398611286756 0.62462654439081 85.500000000000014
decision_type=2 2 10 10 10 2
left_child=2 4 -1 -3 -2 -4
right_child=1 3 5 -5 -6 -7
leaf_value=-0.0026989142048438387 -0.004997619847603163 -0.0067498819382630195 -0.0013177009468353764 0.0069856233218905661 0.00052153242018103678 0.0034364923739976794
leaf_weight=35934 3061 1600 18458 27416 53600 9979
leaf_count=35934 3061 1600 18458 27416 53600 9979
internal_value=3.63205e-05 0.00237769 -0.00307995 0.00599738 0.000523683 -0.000642536
internal_weight=150048 85677 64371 29016 56661 28437
internal_count=150048 85677 64371 29016 56661 28437
is_linear=0
shrinkage=0.05


Tree=18
num_leaves=7
num_cat=0
split_feature=9 4 0 0 4 3
split_gain=400.014 168.331 119.658 97.9595 69.3172 62.7215
threshold=28.500000000000004 0.88855085690450586 82.500000000000014 84.500000000000014 0.74953701429794628 19.177065947500001
decision_type=2 10 2 2 10 2
left_child=1 -1 5 -3 -4 -2
right_child=2 3 4 -5 -6 -7
leaf_value=-0.0022413577470054625 0.00042695271404040729 -0.00071038648076642843 -0.0039992723511101946 0.0042849093381337857 0.0069615264283070244 0.0049672343208822418
leaf_weight=49006 31833 29310 1691 14138 21236 3117
leaf_count=49006 31833 29310 1691 14138 21236 3117
internal_value=2.67734e-05 -0.00201387 0.00328643 0.000251996 0.00609301 0.00144471
internal_weight=150331 92454 57877 43448 22927 34950
internal_count=150331 92454 57877 43448 22927 34950
is_linear=0
shrinkage=0.05


Tree=19
num_leaves=7
num_cat=0
split_feature=4 0 9 3 2 7
split_gain=372.414 261.775 100.237 77.5487 60.6742 55.4184
threshold=0.79800359875750637 68.500000000000014 14.500000000000002 22.878424782500002 3.5000000000000004 1.0423488495000004
decision_type=10 2 2 2 2 2
left_child=-1 3 -3 4 -2 -4
right_child=1 2 5 -5 -6 -7
leaf_value=-0.0021304770668778561 -0.00037690727986088306 4.0494213274860916e-05 0.0034586838577165659 0.0056799156959367715 -0.0068124266221891161 0.0077364871657939482
leaf_weight=44849 49302 11424 28304 1780 2325 12165
leaf_count=44849 49302 11424 28304 1780 2325 12165
internal_value=2.58068e-05 0.00165092 0.00417983 -0.000806467 -0.00116062 0.00534726
internal_weight=150149 105300 51893 53407 51627 40469
internal_count=150149 105300 51893 53407 51627 40469
is_linear=0
shrinkage=0.05


Tree=20
num_leaves=7
num_cat=0
split_feature=4 0 5 2 2 2
split_gain=339.456 243.979 113.913 70.169 66.9696 66.3845
threshold=0.72727744271604522 61.500000000000007 15.500000000000002 3.5000000000000004 2.5000000000000004 4.5000000000000009
decision_type=10 2 2 2 2 2
left_child=4 3 5 -2 -1 -3
right_child=1 2 -4 -5 -6 -7
leaf_value=-0.0013342785120291523 -0.00039496245402899648 0.0018700340781136915 0.0045443058627411157 -0.0072805982046977693 -0.0059317848191265295 -0.002585919858883057
leaf_weight=18530 52600 16102 39477 2060 11641 9769
leaf_count=18530 52600 16102 39477 2060 11641 9769
internal_value=7.20783e-05 0.00126403 0.00332578 -0.00120095 -0.00466845 0.000746831
internal_weight=150179 120008 65348 54660 30171 25871
internal_count=150179 120008 65348 54660 30171 25871
is_linear=0
shrinkage=0.05


Tree=21
num_leaves=7
num_cat=0
split_feature=9 0 4 4 9 3
split_gain=328.862 181.219 91.0632 85.2467 76.359 60.4554
threshold=18.500000000000004 88.500000000000014 0.62462654439081 0.88855085690450586 43.500000000000007 -37.503518790499989
decision_type=2 2 10 10 2 2
left_child=3 2 -2 -1 -4 -3
right_child=1 5 4 -5 -6 -7
leaf_value=-0.0023267778890124105 -0.0043893665792415605 -0.0044940530945944855 2.7806292063942141e-05 -0.0004822691324127604 0.0024393606095067023 0.0069109371269197202
leaf_weight=34228 3541 1526 47008 26889 13625 23430
leaf_count=34228 3541 1526 47008 26889 13625 23430
internal_value=3.07816e-05 0.0019678 0.00056171 -0.002794 0.0010171 0.00558271
internal_weight=150247 89130 64174 61117 60633 24956
internal_count=150247 89130 64174 61117 60633 24956
is_linear=0
shrinkage=0.05


Tree=22
num_leaves=7
num_cat=0
split_feature=9 0 2 3 3 4
split_gain=295.787 177.95 102.741 78.479 70.6581 62.6569
threshold=18.500000000000004 87.500000000000014 4.5000000000000009 26.672486622500003 22.878424782500002 0.75285213953492414
decision_type=2 2 2 2 2 10
left_child=3 2 4 -1 -2 -3
right_child=1 5 -4 -5 -6 -7
leaf_value=-0.0016618283292086367 0.00027344484907264598 -0.0031698973913270923 -0.0065772326516019058 0.0093791960981693193 0.0054122837780195554 0.0065612442340121542
leaf_weight=59087 57105 2218 3145 1741 2972 23657
leaf_count=59087 57105 2218 3145 1741 2972 23657
internal_value=7.15334e-05 0.00190652 0.000476853 -0.00261618 0.000938301 0.00539896
internal_weight=149925 89097 63222 60828 60077 25875
internal_count=149925 89097 63222 60828 60077 25875
is_linear=0
shrinkage=0.05


Tree=23
num_leaves=7
num_cat=0
split_feature=9 3 4 4 0 0
split_gain=265.012 127.175 85.2344 77.5351 58.8775 56.4166
threshold=22.500000000000004 4.8985355565000015 0.88855085690450586 0.64343459852208518 92.500000000000014 74.500000000000014
decision_type=2 2 10 10 2 2
left_child=2 3 -1 -2 -4 -5
right_child=1 -3 4 5 -6 -7
leaf_value=-0.0020195171186263906 -0.0041700698812485171 0.0036178385212682243 -0.00087385211696805465 -0.00011851263926092593 0.0039738157744045157 0.002745966231151387
leaf_weight=40664 3466 23334 23680 27491 9884 21594
leaf_count=40664 3466 23334 23680 27491 9884 21594
internal_value=1.1824e-05 0.00208954 -0.00211227 0.000725417 -0.000247252 0.001236
internal_weight=150113 75885 74228 52551 33564 49085
internal_count=150113 75885 74228 52551 33564 49085
is_linear=0
shrinkage=0.05


Tree=24
num_leaves=7
num_cat=0
split_feature=9 3 4 9 0 2
split_gain=251.758 143.992 105.28 77.3357 90.9667 68.3739
threshold=39.500000000000007 22.878424782500002 0.72727744271604522 12.500000000000002 93.500000000000014 2.5000000000000004
decision_type=2 2 10 2 2 2
left_child=1 2 5 -4 -5 -1
right_child=-2 -3 3 4 -6 -7
leaf_value=-0.0010568634099722863 0.0028002349882491288 0.0071488424416484625 -0.0018615209736309035 -0.00029931588585001002 0.005390315863932316 -0.0055269398617788183
leaf_weight=18032 31537 5024 23417 50126 11414 10234
leaf_count=18032 31537 5024 23417 50126 11414 10234
internal_value=-2.00282e-06 -0.00106066 -0.00142831 -0.000548775 0.000381834 -0.00407131
internal_weight=149784 118247 113223 84957 61540 28266
internal_count=149784 118247 113223 84957 61540 28266
is_linear=0
shrinkage=0.05


Tree=25
num_leaves=7
num_cat=0
split_feature=9 4 0 2 7 7
split_gain=238.588 145.424 106.917 68.3544 63.6741 60.768
threshold=43.500000000000007 0.86479939200083245 84.500000000000014 7.5000000000000009 1.0423488495000004 0.9844942725000001
decision_type=2 10 2 2 2 2
left_child=1 3 5 -1 -4 -3
right_child=-2 2 4 -5 -6 -7
leaf_value=-0.00128055732330834 0.0033468813097383256 -0.0016485405343432957 0.0021495679169630691 -0.016721960585231538 0.0086062211793027088 0.00031785651301936558
leaf_weight=54260 24405 13644 15546 2340 6021 33891
leaf_count=54260 24405 13644 15546 2340 6021 33891
internal_value=9.2431e-05 -0.000785955 0.00075318 -0.00266496 0.00367258 -0.000571624
internal_weight=150107 125702 69102 56600 21567 47535
internal_count=150107 125702 69102 56600 21567 47535
is_linear=0
shrinkage=0.05


Tree=26
num_leaves=7
num_cat=0
split_feature=3 9 4 3 0 8
split_gain=222.012 120.408 88.9442 73.6896 63.1471 54.2145
threshold=4.2663702895000002 17.500000000000004 0.64343459852208518 30.724565367000004 79.500000000000014 1.1386128895000003
decision_type=2 2 10 2 2 2
left_child=1 5 -3 -2 -4 -1
right_child=3 2 4 -5 -6 -7
leaf_value=-0.0025293802284892088 0.0016772143951167995 -0.0037851180866157854 -0.00016266255199185454 0.0088889091987481416 0.0028648254650598393 -0.00037528723661098832
leaf_weight=30087 31473 5270 38111 5281 21597 18146
leaf_count=30087 31473 5270 38111 5281 21597 18146
internal_value=4.75095e-05 -0.00104866 0.000356247 0.00342365 0.000906 -0.00294115
internal_weight=149965 113211 64978 36754 59708 48233
internal_count=149965 113211 64978 36754 59708 48233
is_linear=0
shrinkage=0.05


Tree=27
num_leaves=7
num_cat=0
split_feature=5 0 2 7 4 2
split_gain=222.887 137.106 79.7751 68.3133 59.6235 67.7147
threshold=14.500000000000002 62.500000000000007 7.5000000000000009 1.0197932870000004 0.63726644315453129 2.5000000000000004
decision_type=2 2 2 2 10 2
left_child=2 -2 4 -3 5 -1
right_child=1 3 -4 -5 -6 -7
leaf_value=-0.0011124170134972466 -0.0002789978911240887 0.00170477692962554 -0.018228044326511594 0.0053207305493959472 -0.00048929633805475656 -0.0067530155765201834
leaf_weight=13053 33309 25687 2158 18665 52641 4563
leaf_count=13053 33309 25687 2158 18665 52641 4563
internal_value=-1.19935e-05 0.00184862 -0.00200739 0.00366909 -0.00171608 -0.00423358
internal_weight=150076 77661 72415 44352 70257 17616
internal_count=150076 77661 72415 44352 70257 17616
is_linear=0
shrinkage=0.05


Tree=28
num_leaves=7
num_cat=0
split_feature=3 0 2 2 3 0
split_gain=188.188 92.8929 139.066 121.573 65.9501 60.2641
threshold=4.2663702895000002 82.500000000000014 4.5000000000000009 7.5000000000000009 29.109050778500002 50.500000000000007
decision_type=2 2 2 2 2 2
left_child=1 2 5 -3 -2 -1
right_child=4 3 -4 -5 -6 -7
leaf_value=-0.0011259128362701488 0.0014943475364338488 0.0023284909951734657 -0.0086173304777905201 -0.013334786996576604 0.0080523118288589653 0.00034499401500556748
leaf_weight=52108 30700 27200 4679 3167 5766 26228
leaf_count=52108 30700 27200 4679 3167 5766 26228
internal_value=2.90284e-05 -0.000975861 -0.00184142 0.00139026 0.00315319 -0.00134093
internal_weight=149848 113382 83015 30367 36466 78336
internal_count=149848 113382 83015 30367 36466 78336
is_linear=0
shrinkage=0.05


Tree=29
num_leaves=7
num_cat=0
split_feature=9 0 2 7 0 3
split_gain=190.256 129.285 87.0729 59.89 50.8415 39.6735
threshold=17.500000000000004 94.500000000000014 4.5000000000000009 1.0531739995000002 69.500000000000014 -9.7811887979999987
decision_type=2 2 2 2 2 2
left_child=3 2 4 5 -2 -1
right_child=1 -3 -4 -5 -6 -7
leaf_value=-0.0034013118542011583 -2.1199286882978011e-05 0.0059482746350264966 -0.0049229385499181075 0.0004903991056802615 0.0019877016415269957 -0.0011423727276699935
leaf_weight=14770 46867 19904 5074 11676 20767 31282
leaf_count=14770 46867 19904 5074 11676 20767 31282
internal_value=-2.9266e-05 0.00137502 0.000397453 -0.00228206 0.000871539 -0.00309291
internal_weight=150340 92612 72708 57728 67634 46052
internal_count=150340 92612 72708 57728 67634 46052
is_linear=0
shrinkage=0.05


Tree=30
num_leaves=7
num_cat=0
split_feature=3 7 3 9 0 9
split_gain=172.222 84.9586 78.7212 65.3345 51.4048 44.1881
threshold=1.4438322850000003 1.0576598845000003 29.109050778500002 46.500000000000007 42.500000000000007 16.500000000000004
decision_type=2 2 2 2 2 2
left_child=1 3 5 -1 -3 -2
right_child=2 4 -4 -5 -6 -7
leaf_value=-0.0013153871782169259 -0.00060688514083427907 -0.00063419197591878533 0.0076396880553711967 0.0016089125915869753 0.0031680772243823044 0.001825077278698628
leaf_weight=78282 10708 7138 5780 7982 10893 29226
leaf_count=78282 10708 7138 5780 7982 10893 29226
internal_value=4.51625e-05 -0.00107646 0.00260395 -0.00172889 0.00204452 0.00181402
internal_weight=150009 104295 45714 86264 18031 39934
internal_count=150009 104295 45714 86264 18031 39934
is_linear=0
shrinkage=0.05


Tree=31
num_leaves=7
num_cat=0
split_feature=1 2 2 7 1 2
split_gain=159.122 142.492 133.397 77.0634 71.6133 70.4239
threshold=42.500000000000007 6.5000000000000009 3.5000000000000004 1.0540195770000003 71.500000000000014 1.5000000000000002
decision_type=2 2 2 2 2 2
left_child=1 -1 4 -4 -2 -6
right_child=2 -3 3 -5 5 -7
leaf_value=0.0031211181872115024 0.00084263479283782641 -0.0066086669921341162 -0.0061896862081096023 0.0010302081483640536 -0.00025158092610050309 -0.0024356476649173512
leaf_weight=44955 27658 7286 8170 1993 44856 14724
leaf_count=44955 27658 7286 8170 1993 44856 14724
internal_value=-7.35063e-06 0.00221883 -0.00120141 -0.00662126 -0.000569673 -0.00154569
internal_weight=149642 52241 97401 10163 87238 59580
internal_count=149642 52241 97401 10163 87238 59580
is_linear=0
shrinkage=0.05


Tree=32
num_leaves=7
num_cat=0
split_feature=4 0 7 8 9 8
split_gain=156.107 114.428 86.8704 62.4469 56.34 38.9545
threshold=0.72727744271604522 67.500000000000014 1.0423488495000004 1.0555990695000002 46.500000000000007 0.99165079850000015
decision_type=10 2 2 2 2 2
left_child=3 5 4 -1 -3 -2
right_child=1 2 -4 -5 -6 -7
leaf_value=-0.0036710532624295135 -0.0018315286145124121 0.00012890288669309413 0.0047030890604210507 -0.00063679976654817949 0.0034108132110698963 -8.1285905705030809e-05
leaf_weight=12741 9801 32033 16487 17508 10517 50879
leaf_count=12741 9801 32033 16487 17508 10517 50879
internal_value=-3.00058e-06 0.000807913 0.002375 -0.00321197 0.00118082 -0.000716816
internal_weight=149966 119717 59037 30249 42550 60680
internal_count=149966 119717 59037 30249 42550 60680
is_linear=0
shrinkage=0.05


Tree=33
num_leaves=7
num_cat=0
split_feature=5 0 2 3 6 6
split_gain=144.433 121.238 69.9286 43.9606 39.7057 38.041
threshold=14.500000000000002 93.500000000000014 6.5000000000000009 22.878424782500002 1.0000000180025095e-35 1.5000000000000002
decision_type=2 2 2 2 2 2
left_child=2 3 5 4 -2 -1
right_child=1 -3 -4 -5 -6 -7
leaf_value=-0.00042160302806918407 0.00043774833664060879 0.0054248738291097559 -0.01206693767177407 0.0038276462278595217 -0.0011971197683216196 -0.0028381093363965882
leaf_weight=60144 35563 23447 4097 3548 15221 7869
leaf_count=60144 35563 23447 4097 3548 15221 7869
internal_value=-1.50106e-06 0.00149292 -0.0016134 0.000195999 -0.000180157 -0.00123092
internal_weight=149889 77779 72110 54332 50784 68013
internal_count=149889 77779 72110 54332 50784 68013
is_linear=0
shrinkage=0.05


Tree=34
num_leaves=7
num_cat=0
split_feature=3 2 0 2 0 2
split_gain=136.717 73.1413 96.7422 110.791 60.3391 83.3496
threshold=6.6162584090000012 8.5000000000000018 92.500000000000014 4.5000000000000009 50.500000000000007 1.5000000000000002
decision_type=2 2 2 2 2 2
left_child=1 2 3 4 5 -1
right_child=-2 -3 -4 -5 -6 -7
leaf_value=-0.00024460709566738735 0.0022286481544020577 -0.024065189335415141 0.0027855601824113064 -0.0057402414443853134 0.00052452165799875554 -0.0026904847081065998
leaf_weight=39474 30731 1146 21310 8030 33599 16110
leaf_count=39474 30731 1146 21310 8030 33599 16110
internal_value=1.46272e-05 -0.000749327 -0.000627489 -0.00129631 -0.000789624 -0.00180072
internal_weight=150400 119669 118523 97213 89183 55584
internal_count=150400 119669 118523 97213 89183 55584
is_linear=0
shrinkage=0.05


Tree=35
num_leaves=7
num_cat=0
split_feature=9 0 2 0 7 3
split_gain=120.703 111.378 76.781 46.9535 45.9546 31.3783
threshold=14.500000000000002 95.500000000000014 4.5000000000000009 72.500000000000014 1.0531739995000002 -36.352825638499993
decision_type=2 2 2 2 2 2
left_child=4 2 3 -2 -1 -3
right_child=1 5 -4 -5 -6 -7
leaf_value=-0.0016263453279620839 -4.1745471904319767e-05 -0.0040018061063465176 -0.0044246045329033095 0.001955899017715135 0.00058124435780489982 0.0058629228489755275
leaf_weight=37244 56517 1416 6328 19354 9514 19474
leaf_count=37244 56517 1416 6328 19354 9514 19474
internal_value=7.75765e-05 0.00103328 0.000204674 0.00064612 -0.00202938 0.00429289
internal_weight=149847 103089 82199 75871 46758 20890
internal_count=149847 103089 82199 75871 46758 20890
is_linear=0
shrinkage=0.05


Tree=36
num_leaves=7
num_cat=0
split_feature=3 9 1 4 7 6
split_gain=118.44 97.3382 65.3025 39.0422 35.0397 32.597
threshold=25.646875390000002 16.500000000000004 35.500000000000007 0.62462654439081 1.0429496910000002 1.5000000000000002
decision_type=2 2 2 10 2 2
left_child=1 4 -3 -4 5 -1
right_child=-2 2 3 -5 -6 -7
leaf_value=-0.0010726580592670398 0.0055976886266028147 0.0027938584902226175 -0.0027633497279253016 3.4970430675024254e-05 5.3859421928253993e-05 -0.0044575903146940486
leaf_weight=29803 7511 26806 4107 59382 13505 9019
leaf_count=29803 7511 26806 4107 59382 13505 9019
internal_value=-5.37839e-05 -0.000376156 0.000618217 -0.000255536 -0.00209193 -0.00285497
internal_weight=150133 142622 90295 63489 52327 38822
internal_count=150133 142622 90295 63489 52327 38822
is_linear=0
shrinkage=0.05


Tree=37
num_leaves=7
num_cat=0
split_feature=3 9 4 7 2 7
split_gain=111.2 86.3664 64.0993 40.4657 60.7287 35.2445
threshold=19.177065947500001 11.500000000000002 0.63726644315453129 0.97819282600000013 1.0000000180025095e-35 1.0512482345000003
decision_type=2 2 10 2 2 2
left_child=1 -1 -3 4 -4 -2
right_child=5 2 3 -5 -6 -7
leaf_value=-0.0013492615236277983 0.0024984173008751665 -0.002085889049604106 0.0028900371350198185 0.00081915287055236432 -0.0011238798079483193 0.0075795651197303696
leaf_weight=34398 8331 8133 3081 67712 24520 3827
leaf_count=34398 8331 8133 3081 67712 24520 3827
internal_value=6.66636e-07 -0.000403703 0.000318025 0.000681666 -0.000931863 0.00458357
internal_weight=150002 137844 103446 95313 27601 12158
internal_count=150002 137844 103446 95313 27601 12158
is_linear=0
shrinkage=0.05


Tree=38
num_leaves=7
num_cat=0
split_feature=0 2 2 0 2 7
split_gain=99.8515 121.416 100.128 61.9362 71.2729 43.9423
threshold=88.500000000000014 4.5000000000000009 7.5000000000000009 49.500000000000007 1.5000000000000002 1.0110071485000003
decision_type=2 2 2 2 2 2
left_child=1 3 -2 4 -1 -6
right_child=2 -3 -4 -5 5 -7
leaf_value=-0.0001423164952367495 0.0033215970146580846 -0.0060729309748544184 -0.010134899094815167 0.00068154198183590926 -0.0032942314260735908 -0.00062521957036018594
leaf_weight=45530 35357 6895 3300 42180 9507 7248
leaf_count=45530 35357 6895 3300 42180 9507 7248
internal_value=-8.16547e-06 -0.000768195 0.00218108 -0.000343879 -0.00134572 -0.00413335
internal_weight=150017 111360 38657 104465 62285 16755
internal_count=150017 111360 38657 104465 62285 16755
is_linear=0
shrinkage=0.05


Tree=39
num_leaves=7
num_cat=0
split_feature=0 2 2 0 2 7
split_gain=92.944 119.878 74.4835 63.1498 64.9594 47.5719
threshold=96.500000000000014 4.5000000000000009 7.5000000000000009 49.500000000000007 1.5000000000000002 1.0468342860000004
decision_type=2 2 2 2 2 2
left_child=1 3 -2 4 -1 -5
right_child=2 -3 -4 5 -6 -7
leaf_value=-9.446424070149729e-05 0.0043236760471439539 -0.0048967909943696099 -0.0078941505936383945 0.00018413921252989908 -0.0020735592269719438 0.0026599258652821758
leaf_weight=45480 25613 10360 3023 36390 16861 12445
leaf_count=45480 25613 10360 3023 36390 16861 12445
internal_value=-8.32351e-06 -0.000612139 0.00255403 -0.000132667 -0.00118733 0.00121366
internal_weight=150172 121536 28636 111176 62341 48835
internal_count=150172 121536 28636 111176 62341 48835
is_linear=0
shrinkage=0.05


Tree=40
num_leaves=7
num_cat=0
split_feature=5 1 8 8 3 7
split_gain=94.1519 81.3098 57.8991 39.433 35.4524 25.2156
threshold=14.500000000000002 23.500000000000004 1.0411123840000003 1.0273347475000001 22.878424782500002 1.0285496510000003
decision_type=2 2 2 2 2 2
left_child=2 -2 -1 -3 -5 -4
right_child=1 3 5 4 -6 -7
leaf_value=-0.0020931854944465644 0.0047931610491311564 -0.0011145415956792081 -0.00060825494803334326 0.00033061201044162216 0.0042334629499471924 0.00066762309476029466
leaf_weight=27720 21185 14877 25166 38597 3210 19343
leaf_count=27720 21185 14877 25166 38597 3210 19343
internal_value=-1.53228e-05 0.00119071 -0.00131552 0.000202861 0.000989548 -0.000198252
internal_weight=150098 77869 72229 56684 41807 44509
internal_count=150098 77869 72229 56684 41807 44509
is_linear=0
shrinkage=0.05


Tree=41
num_leaves=7
num_cat=0
split_feature=5 0 2 8 0 2
split_gain=89.2822 67.9817 53.1198 43.0916 39.1516 44.447
threshold=12.500000000000002 67.500000000000014 3.5000000000000004 1.0273347475000001 78.500000000000014 7.5000000000000009
decision_type=2 2 2 2 2 2
left_child=2 -2 -1 -3 -4 -6
right_child=1 3 4 -5 5 -7
leaf_value=-0.00029889666872309761 -0.00021773974082376358 0.00060323719363690746 -0.0049902255522560838 0.0029474880336334388 -0.00044774190093564427 -0.013766249274378202
leaf_weight=39328 45897 21659 6622 26795 7863 1546
leaf_count=39328 45897 21659 6622 26795 7863 1546
internal_value=-2.30438e-05 0.000912237 -0.00161703 0.00221837 -0.00404247 -0.00196781
internal_weight=149710 94351 55359 48454 16031 9409
internal_count=149710 94351 55359 48454 16031 9409
is_linear=0
shrinkage=0.05


Tree=42
num_leaves=7
num_cat=0
split_feature=3 2 7 3 6 1
split_gain=87.0648 64.2891 52.4685 44.303 43.8701 37.3978
threshold=1.2926847640000003 8.5000000000000018 1.0291011480000003 29.109050778500002 1.0000000180025095e-35 45.500000000000007
decision_type=2 2 2 2 2 2
left_child=1 2 4 -2 -1 -4
right_child=3 -3 5 -5 -6 -7
leaf_value=-0.00018241801857742381 0.00074064611602969179 -0.021353867654701878 0.0028938548799171738 0.005445671240339023 -0.0017152508687193091 -0.00010996075163444141
leaf_weight=36714 40734 1168 10622 5793 32643 22535
leaf_count=36714 40734 1168 10622 5793 32643 22535
internal_value=-4.37709e-05 -0.000850155 -0.00071694 0.00175309 -0.00149902 0.000918974
internal_weight=150209 103682 102514 46527 69357 33157
internal_count=150209 103682 102514 46527 69357 33157
is_linear=0
shrinkage=0.05


Tree=43
num_leaves=7
num_cat=0
split_feature=0 2 7 2 6 7
split_gain=77.869 108.143 50.5006 49.0423 42.4891 31.6765
threshold=100.50000000000001 5.5000000000000009 1.0941497945000003 6.5000000000000009 1.0000000180025095e-35 1.0178415490000001
decision_type=2 2 2 2 2 2
left_child=1 2 4 -2 -1 -6
right_child=3 -3 -4 -5 5 -7
leaf_value=0.00013507610404884797 0.005068967789846713 -0.0079476928761600726 0.0019561517994968582 -0.0021522884037327773 -0.0015325301567674866 -2.966343601442656e-05
leaf_weight=68279 18001 5271 9172 5536 27154 16783
leaf_count=68279 18001 5271 9172 5536 27154 16783
internal_value=-7.82285e-05 -0.000569025 -0.00026443 0.00256244 -0.000556046 -0.00176881
internal_weight=150196 126659 121388 23537 112216 43937
internal_count=150196 126659 121388 23537 112216 43937
is_linear=0
shrinkage=0.05


Tree=44
num_leaves=7
num_cat=0
split_feature=8 0 8 4 2 0
split_gain=71.7838 76.4033 58.0097 55.5458 43.7581 34.7077
threshold=0.98958124150000015 86.500000000000014 0.98235535050000011 0.70434005039903458 3.5000000000000004 45.500000000000007
decision_type=2 2 2 10 2 2
left_child=2 4 3 -1 5 -2
right_child=1 -3 -4 -5 -6 -7
leaf_value=-0.0038234810900071889 -0.00023767013830758855 0.0033936451305211614 -0.0050109185621577956 -0.00038056078122039594 -0.0022055683469407008 0.00095500544454206753
leaf_weight=7284 47562 22260 1828 30985 8505 31303
leaf_count=7284 47562 22260 1828 30985 8505 31303
internal_value=-2.95528e-05 0.000632553 -0.00183968 -0.00142329 -3.37625e-05 0.000333777
internal_weight=149727 109630 40097 38269 87370 78865
internal_count=149727 109630 40097 38269 87370 78865
is_linear=0
shrinkage=0.05


Tree=45
num_leaves=7
num_cat=0
split_feature=7 0 6 0 8 8
split_gain=69.4689 73.1661 62.1693 33.8791 32.6702 37.3079
threshold=1.0184423775000002 42.500000000000007 1.0000000180025095e-35 104.50000000000001 0.99165079850000015 0.97699848600000017
decision_type=2 2 2 2 2 2
left_child=2 -2 4 -4 5 -1
right_child=1 -3 3 -5 -6 -7
leaf_value=-0.00054177582765677914 -0.00046344373076670498 0.0019306348760759985 -0.0018231659795318158 0.00071737010216267887 0.00067528739603836541 -0.0045581808702316986
leaf_weight=12658 23122 38851 32211 8390 33590 1246
leaf_count=12658 23122 38851 32211 8390 33590 1246
internal_value=-2.66537e-06 0.00127989 -0.000904938 -0.0023414 0.000323165 -0.00171472
internal_weight=150068 61973 88095 40601 47494 13904
internal_count=150068 61973 88095 40601 47494 13904
is_linear=0
shrinkage=0.05


Tree=46
num_leaves=7
num_cat=0
split_feature=7 2 0 2 0 3
split_gain=70.0786 62.67 56.2781 95.6424 54.8955 46.6692
threshold=1.0531739995000002 8.5000000000000018 100.50000000000001 3.5000000000000004 62.500000000000007 19.806329085500003
decision_type=2 2 2 2 2 2
left_child=1 2 3 -1 -5 -2
right_child=5 -3 -4 4 -6 -7
leaf_value=-4.9291889300079329e-05 0.0008827226262721644 -0.018816170870161721 0.0027901302472067959 -0.0071721262273473146 -0.0023534259645032864 0.0070698800206205285
leaf_weight=78340 28320 1226 18066 3745 16909 3582
leaf_count=78340 28320 1226 18066 3745 16909 3582
internal_value=4.66067e-06 -0.000556255 -0.000438218 -0.000906575 -0.00393291 0.00208418
internal_weight=150188 118286 117060 98994 20654 31902
internal_count=150188 118286 117060 98994 20654 31902
is_linear=0
shrinkage=0.05


Tree=47
num_leaves=7
num_cat=0
split_feature=0 2 2 0 2 7
split_gain=70.3156 78.8153 75.9753 43.9575 36.7076 49.7396
threshold=79.500000000000014 5.5000000000000009 6.5000000000000009 104.50000000000001 3.5000000000000004 1.0540195770000003
decision_type=2 2 2 2 2 2
left_child=1 4 -2 -4 -1 -6
right_child=2 -3 3 -5 5 -7
leaf_value=-0.00011784542903913176 0.0023097557119300615 -0.01300279282162033 -0.010219538728892469 -0.00067028273936647897 -0.0034625810356133215 0.0016326390154533966
leaf_weight=88956 42836 1335 2422 4884 7794 2113
leaf_count=88956 42836 1335 2422 4884 7794 2113
internal_value=2.99312e-05 -0.000735008 0.00155842 -0.00315278 -0.000571722 -0.00345793
internal_weight=150340 100198 50142 7306 98863 9907
internal_count=150340 100198 50142 7306 98863 9907
is_linear=0
shrinkage=0.05


Tree=48
num_leaves=7
num_cat=0
split_feature=3 2 0 2 0 0
split_gain=60.1888 50.4128 47.9911 45.414 39.7104 30.3347
threshold=1.2926847640000003 7.5000000000000009 74.500000000000014 3.5000000000000004 103.50000000000001 86.500000000000014
decision_type=2 2 2 2 2 2
left_child=1 2 3 -1 -3 -2
right_child=5 4 -4 -5 -6 -7
leaf_value=-0.00037249480308587104 0.00027987534954690977 -0.01857767019796553 0.00091899447343929408 -0.0031022241619600545 -0.0048574232137869825 0.0037786240445735423
leaf_weight=59764 30035 1015 32359 8219 2187 16273
leaf_count=59764 30035 1015 32359 8219 2187 16273
internal_value=-3.43661e-05 -0.000704497 -0.00050724 -0.00126162 -0.00687558 0.00146395
internal_weight=149852 103544 100342 67983 3202 46308
internal_count=149852 103544 100342 67983 3202 46308
is_linear=0
shrinkage=0.05


Tree=49
num_leaves=7
num_cat=0
split_feature=9 1 2 7 2 1
split_gain=63.8832 64.1826 53.6363 30.0623 26.2882 27.9067
threshold=11.500000000000002 18.500000000000004 5.5000000000000009 1.0941497945000003 6.5000000000000009 17.500000000000004
decision_type=2 2 2 2 2 2
left_child=4 -2 3 -3 -1 -6
right_child=1 2 -4 -5 5 -7
leaf_value=-0.00071981591097162187 0.004570000280710718 4.5138085997742389e-05 -0.005982436947321871 0.0022025854646563203 -0.0043743083568129615 -0.014738865934521707
leaf_weight=32319 16587 86763 3628 6960 2509 1028
leaf_count=32319 16587 86763 3628 6960 2509 1028
internal_value=2.23633e-05 0.000601617 0.000111703 0.000342747 -0.00181813 -0.00590768
internal_weight=149794 113938 97351 93723 35856 3537
internal_count=149794 113938 97351 93723 35856 3537
is_linear=0
shrinkage=0.05


Tree=50
num_leaves=7
num_cat=0
split_feature=8 0 8 4 7 9
split_gain=58.187 59.4133 54.5834 43.9418 35.02 34.5609
threshold=0.98958124150000015 96.500000000000014 0.98235535050000011 0.71288145084161025 0.98022267650000006 34.500000000000007
decision_type=2 2 2 10 2 2
left_child=2 -2 3 -1 -5 -6
right_child=1 -3 -4 4 5 -7
leaf_value=-0.0032642398817389257 9.1476332293505269e-05 0.0041766542492106323 -0.004657474838982878 -0.0014892054996792138 0.00015390545231295239 0.004420157131132996
leaf_weight=7702 95609 14483 1798 15599 11909 3160
leaf_count=7702 95609 14483 1798 15599 11909 3160
internal_value=3.69347e-05 0.000631262 -0.00159187 -0.00119218 -0.000343951 0.00137488
internal_weight=150260 110092 40168 38370 30668 15069
internal_count=150260 110092 40168 38370 30668 15069
is_linear=0
shrinkage=0.05


Tree=51
num_leaves=7
num_cat=0
split_feature=2 0 2 7 8 3
split_gain=63.6972 65.073 73.4377 32.6492 31.2898 30.609
threshold=8.5000000000000018 87.500000000000014 5.5000000000000009 1.0377175780000003 1.0273347475000001 19.177065947500001
decision_type=2 2 2 2 2 2
left_child=1 2 4 -3 -1 -6
right_child=-2 3 -4 -5 5 -7
leaf_value=-0.00098064301801450439 -0.017479919609083787 0.00093376246941943028 -0.0090084281407849191 0.0044177043597745883 -3.5635726848204373e-05 0.0028327599610543487
leaf_weight=28116 1216 27307 2235 11408 75689 4102
leaf_count=28116 1216 27307 2235 11408 75689 4102
internal_value=-1.04945e-05 8.27948e-05 -0.00053701 0.00184595 -0.00035098 0.000154456
internal_weight=150073 148857 110142 38715 107907 79791
internal_count=150073 148857 110142 38715 107907 79791
is_linear=0
shrinkage=0.05


Tree=52
num_leaves=7
num_cat=0
split_feature=3 9 0 7 3 9
split_gain=54.694 41.9798 41.9217 24.0246 27.1112 21.2005
threshold=25.646875390000002 11.500000000000002 103.50000000000001 1.0941497945000003 -38.838816215499996 53.500000000000007
decision_type=2 2 2 2 2 2
left_child=1 -1 3 4 -3 -6
right_child=-2 2 -4 -5 5 -7
leaf_value=-0.00095421423096649918 0.003954849876992717 -0.0043645990874991774 0.0041434931228162223 0.0017986794178892207 -0.00021279210784200809 0.0015406989999200483
leaf_weight=34825 7560 2351 12026 6706 79389 6974
leaf_count=34825 7560 2351 12026 6706 79389 6974
internal_value=2.11898e-05 -0.000199085 0.0002899 -6.07807e-05 -0.000278971 -0.000134598
internal_weight=149831 142271 107446 95420 88714 86363
internal_count=149831 142271 107446 95420 88714 86363
is_linear=0
shrinkage=0.05


Tree=53
num_leaves=7
num_cat=0
split_feature=2 0 2 7 7 0
split_gain=52.4905 62.4645 55.9863 42.3322 37.1569 36.7507
threshold=7.5000000000000009 75.500000000000014 3.5000000000000004 1.0540195770000003 1.0415123170000002 105.50000000000001
decision_type=2 2 2 2 2 2
left_child=1 2 -1 -4 -3 -2
right_child=5 4 3 -5 -6 -7
leaf_value=-7.2328349564576574e-05 -0.014573942900358067 0.00066578146876739019 -0.0042530786667946295 0.0013190645600374307 0.0032303661179888033 -0.004061983732609473
leaf_weight=85982 1256 36665 7324 1813 14871 2366
leaf_count=85982 1256 36665 7324 1813 14871 2366
internal_value=6.93696e-05 0.000216317 -0.000543238 -0.00426329 0.00161813 -0.00587262
internal_weight=150277 146655 95119 9137 51536 3622
internal_count=150277 146655 95119 9137 51536 3622
is_linear=0
shrinkage=0.05


Tree=54
num_leaves=7
num_cat=0
split_feature=3 2 0 2 0 2
split_gain=48.5912 45.7507 37.8239 53.7574 38.7601 52.5218
threshold=29.109050778500002 8.5000000000000018 101.50000000000001 4.5000000000000009 48.500000000000007 1.5000000000000002
decision_type=2 2 2 2 2 2
left_child=1 2 3 4 5 -1
right_child=-2 -3 -4 -5 -6 -7
leaf_value=1.5938743514004595e-05 0.0043650975864741263 -0.015433648721672411 0.0025854860076161834 -0.0029175015281616371 0.00064631349616504636 -0.0018512602383195132
leaf_weight=44790 5774 1209 18504 12817 50752 15996
leaf_count=44790 5774 1209 18504 12817 50752 15996
internal_value=6.40653e-05 -0.000116261 -3.41234e-05 -0.000347982 4.48258e-06 -0.000847165
internal_weight=149842 144068 142859 124355 111538 60786
internal_count=149842 144068 142859 124355 111538 60786
is_linear=0
shrinkage=0.05


Tree=55
num_leaves=7
num_cat=0
split_feature=3 2 9 7 2 8
split_gain=47.2802 44.5336 32.8602 24.2493 34.5645 40.5851
threshold=29.109050778500002 8.5000000000000018 11.500000000000002 0.9844942725000001 1.0000000180025095e-35 1.2048327935000003
decision_type=2 2 2 2 2 2
left_child=1 2 -1 4 5 -4
right_child=-2 -3 3 -5 -6 -7
leaf_value=-0.00076670983145860636 0.0040098825637921503 -0.014369121348020651 0.00022934278615432404 0.00055827800170692447 -0.00083129510413969547 0.0064409524905309603
leaf_weight=34430 5820 1226 3154 72364 31992 1246
leaf_count=34430 5820 1226 3154 72364 31992 1246
internal_value=2.12997e-05 -0.000156837 -7.54237e-05 0.000350769 -0.000701981 0.00345062
internal_weight=150232 144412 143186 108756 36392 4400
internal_count=150232 144412 143186 108756 36392 4400
is_linear=0
shrinkage=0.05


Tree=56
num_leaves=7
num_cat=0
split_feature=7 3 2 0 2 0
split_gain=45.6949 35.5622 33.9348 32.0249 70.4734 35.296
threshold=1.0531739995000002 19.806329085500003 8.5000000000000018 99.500000000000014 3.5000000000000004 56.500000000000007
decision_type=2 2 2 2 2 2
left_child=2 -2 3 4 -1 -6
right_child=1 -3 -4 -5 5 -7
leaf_value=-3.8379284217199275e-05 0.00064931955485517112 0.0056199612178010512 -0.014125354136498814 0.0018617478049160032 -0.0067975894724550739 -0.002175817371500713
leaf_weight=78160 28306 3496 1231 19045 2533 17428
leaf_count=78160 28306 3496 1231 19045 2533 17428
internal_value=-2.41338e-05 0.00165844 -0.000476132 -0.000389175 -0.000753368 -0.00340454
internal_weight=150199 31802 118397 117166 98121 19961
internal_count=150199 31802 118397 117166 98121 19961
is_linear=0
shrinkage=0.05


Tree=57
num_leaves=7
num_cat=0
split_feature=9 0 8 3 7 8
split_gain=44.7601 44.9871 27.167 20.3848 29.2319 28.7742
threshold=10.500000000000002 94.500000000000014 1.0273347475000001 -0.13312465749999999 1.0291011480000003 1.0919707350000001
decision_type=2 2 2 2 2 2
left_child=-1 2 -2 4 -4 -5
right_child=1 -3 3 5 -6 -7
leaf_value=-0.00085666656747327439 -0.00082783881972908757 0.0028775409171229813 -0.00066446959953290758 0.0027712096874277893 0.00088445795146229193 0.00045925747214531354
leaf_weight=32269 25939 24552 24988 5254 16721 20267
leaf_count=32269 25939 24552 24988 5254 16721 20267
internal_value=5.46685e-05 0.000506897 5.09799e-06 0.000535435 -0.000145635 0.00164832
internal_weight=149990 117721 93169 67230 41709 25521
internal_count=149990 117721 93169 67230 41709 25521
is_linear=0
shrinkage=0.05


Tree=58
num_leaves=7
num_cat=0
split_feature=0 2 8 7 7 7
split_gain=41.1393 82.0563 26.349 29.6162 29.4285 25.763
threshold=101.50000000000001 6.5000000000000009 1.0611425975000002 1.1056902775000002 0.91410134900000006 0.97350760600000019
decision_type=2 2 2 2 2 2
left_child=1 2 -1 4 -4 -6
right_child=-2 -3 3 -5 5 -7
leaf_value=-0.00068254791694118968 0.0025224780489559563 -0.01105252229082266 0.0031119426840341691 0.0025527474989236187 -0.0011677901998007167 0.00018315661184644674
leaf_weight=45592 22333 2351 1232 5774 11202 61536
leaf_count=45592 22333 2351 1232 5774 11202 61536
internal_value=-3.33278e-05 -0.000379624 -0.000205838 0.000342324 7.29976e-05 -5.70502e-05
internal_weight=150020 127687 125336 79744 73970 72738
internal_count=150020 127687 125336 79744 73970 72738
is_linear=0
shrinkage=0.05


Tree=59
num_leaves=7
num_cat=0
split_feature=9 0 7 8 8 8
split_gain=39.2862 38.9149 24.0956 35.0938 28.9309 33.8825
threshold=11.500000000000002 103.50000000000001 0.9844942725000001 1.2720506330000003 1.3396780625000002 1.4866009315000002
decision_type=2 2 2 2 2 2
left_child=-1 2 3 -2 -4 -6
right_child=1 -3 4 -5 5 -7
leaf_value=-0.00076644861488688325 -0.00089908649545962786 0.0038396217073076223 0.00062816604366535691 0.0023345370926766084 -0.001824980921275482 0.0012885935332613619
leaf_weight=35773 29280 14566 58185 2842 6782 2667
leaf_count=35773 29280 14566 58185 2842 6782 2667
internal_value=1.28248e-05 0.000465332 0.00011277 -0.00101472 0.000648295 -0.00191718
internal_weight=150095 114322 99756 32122 67634 9449
internal_count=150095 114322 99756 32122 67634 9449
is_linear=0
shrinkage=0.05


Tree=60
num_leaves=7
num_cat=0
split_feature=3 6 3 0 8 8
split_gain=37.5666 32.784 24.5407 28.6597 22.7194 53.2382
threshold=35.857562003500007 1.5000000000000002 -38.838816215499996 106.50000000000001 0.98958124150000015 0.97699848600000017
decision_type=2 2 2 2 2 2
left_child=1 2 -1 4 5 -4
right_child=-2 -3 3 -5 -6 -7
leaf_value=-0.0038175101116709911 0.0050986181874716268 -0.0018887235728316132 -0.00038932695529536598 0.0043700085697559012 0.00021742640334854735 -0.0037158916853059832
leaf_weight=3334 3512 15153 22738 9773 93322 2171
leaf_count=3334 3512 15153 22738 9773 93322 2171
internal_value=-2.83318e-06 -0.00012543 0.000128671 0.000239046 2.38929e-05 -0.00131753
internal_weight=150003 146491 131338 128004 118231 24909
internal_count=150003 146491 131338 128004 118231 24909
is_linear=0
shrinkage=0.05


Tree=61
num_leaves=7
num_cat=0
split_feature=2 0 2 7 0 2
split_gain=36.5357 45.032 50.9508 31.5871 30.4111 26.1293
threshold=7.5000000000000009 78.500000000000014 5.5000000000000009 1.0415123170000002 103.50000000000001 3.5000000000000004
decision_type=2 2 2 2 2 2
left_child=1 2 5 -3 -2 -1
right_child=4 3 -4 -5 -6 -7
leaf_value=-4.801122661894919e-05 -0.013086598235765124 0.00059291461608459441 -0.0095498800532610121 0.0031047333683431378 -0.0034015305649310271 -0.0017613927754526306
leaf_weight=88075 1053 33942 1101 13778 2579 9407
leaf_count=88075 1053 33942 1101 13778 2579 9407
internal_value=1.48393e-05 0.000137894 -0.000472421 0.00139864 -0.00493539 -0.000351329
internal_weight=149935 146303 98583 47720 3632 97482
internal_count=149935 146303 98583 47720 3632 97482
is_linear=0
shrinkage=0.05


Tree=62
num_leaves=7
num_cat=0
split_feature=8 8 7 5 7 0
split_gain=36.9294 43.3571 34.0227 31.8948 27.9807 24.3265
threshold=0.98958124150000015 0.97699848600000017 1.1056902775000002 8.5000000000000018 0.98878568900000008 77.500000000000014
decision_type=2 2 2 2 2 2
left_child=1 3 5 -1 -5 -2
right_child=2 -3 -4 4 -6 -7
leaf_value=-0.0029582548469523628 -0.00011207614829124025 -0.0033435144031801704 0.0025622650878404651 -0.0011459698479824088 0.0015260357603735675 0.0013083564855124854
leaf_weight=6590 74907 3007 7655 18389 12233 27417
leaf_count=6590 74907 3007 7655 18389 12233 27417
internal_value=2.99595e-06 -0.00129338 0.000477115 -0.000826235 -0.000146929 0.000236492
internal_weight=150198 40219 109979 37212 30622 102324
internal_count=150198 40219 109979 37212 30622 102324
is_linear=0
shrinkage=0.05


Tree=63
num_leaves=7
num_cat=0
split_feature=2 0 2 0 7 7
split_gain=33.9603 39.7132 40.5158 34.9484 32.8579 24.9296
threshold=6.5000000000000009 76.500000000000014 3.5000000000000004 108.50000000000001 1.0540195770000003 1.0415123170000002
decision_type=2 2 2 2 2 2
left_child=1 2 -1 -2 -4 -3
right_child=3 5 4 -5 -6 -7
leaf_value=-3.1630115778830127e-05 -0.0078126351582818009 0.0005516424259145059 -0.0033885432105777908 3.1824156639234656e-05 0.0011761309624632955 0.002708563812095899
leaf_weight=86786 3755 32170 7482 3988 1855 14025
leaf_count=86786 3755 32170 7482 3988 1855 14025
internal_value=1.31609e-05 0.000188655 -0.000390365 -0.00321051 -0.00351905 0.0013934
internal_weight=150061 142318 96123 7743 9337 46195
internal_count=150061 142318 96123 7743 9337 46195
is_linear=0
shrinkage=0.05


Tree=64
num_leaves=7
num_cat=0
split_feature=2 3 7 2 0 4
split_gain=36.8104 31.0899 23.9887 45.0255 30.9191 42.8175
threshold=8.5000000000000018 35.857562003500007 0.98022267650000006 1.0000000180025095e-35 47.500000000000007 0.64343459852208518
decision_type=2 2 2 2 2 10
left_child=1 2 3 -1 -4 -6
right_child=-2 -3 4 -5 5 -7
leaf_value=0.0012889963507035614 -0.012315604116949647 0.0046961914825907839 -0.00030536266413967451 -0.0011010025497905141 -0.0036219936059839978 0.0010349916991717945
leaf_weight=6618 1207 3473 43808 37056 2560 55469
leaf_count=6618 1207 3473 43808 37056 2560 55469
internal_value=-5.49282e-06 6.51055e-05 -4.65585e-05 -0.00102681 0.000373863 0.0011308
internal_weight=150191 148984 145511 43674 101837 58029
internal_count=150191 148984 145511 43674 101837 58029
is_linear=0
shrinkage=0.05


Tree=65
num_leaves=7
num_cat=0
split_feature=6 3 0 7 0 4
split_gain=32.5636 28.012 19.5746 17.8565 26.1598 33.0629
threshold=1.5000000000000002 26.672486622500003 33.500000000000007 0.9844942725000001 45.500000000000007 0.63726644315453129
decision_type=2 2 2 2 2 10
left_child=1 3 -2 -1 -5 -6
right_child=2 -3 -4 4 5 -7
leaf_value=-0.00050481955104224601 -0.0034723736908094608 0.0030615855373921641 -0.001239482862197769 -0.00027797563291638295 -0.0034002869947752147 0.0010426965666230138
leaf_weight=42070 2533 5956 13292 37339 2268 46898
leaf_count=42070 2533 5956 13292 37339 2268 46898
internal_value=-0.000105413 0.000146987 -0.00225047 -8.36055e-06 0.000402555 0.00116024
internal_weight=150356 134531 15825 128575 86505 49166
internal_count=150356 134531 15825 128575 86505 49166
is_linear=0
shrinkage=0.05


Tree=66
num_leaves=7
num_cat=0
split_feature=2 1 2 1 6 1
split_gain=34.7149 29.2103 46.434 22.8921 22.4498 21.1687
threshold=8.5000000000000018 20.500000000000004 5.5000000000000009 38.500000000000007 1.0000000180025095e-35 81.500000000000014
decision_type=2 2 2 2 2 2
left_child=1 -1 4 -4 -3 -6
right_child=-2 2 3 -5 5 -7
leaf_value=0.0021173882254495124 -0.012111318040592242 0.00028379231762136746 -0.0020804704011095467 -0.0089179327323354821 -6.1723099156302261e-05 -0.0010451648846859674
leaf_weight=23883 1202 73047 3205 1516 30016 17027
leaf_count=23883 1202 73047 3205 1516 30016 17027
internal_value=-5.33686e-06 6.3215e-05 -0.000243358 -0.00510474 -5.20421e-05 -0.000903864
internal_weight=149896 148694 124811 4721 120090 47043
internal_count=149896 148694 124811 4721 120090 47043
is_linear=0
shrinkage=0.05


Tree=67
num_leaves=7
num_cat=0
split_feature=2 3 6 7 0 7
split_gain=31.4987 27.6862 23.6525 30.8924 16.6197 16.4503
threshold=8.5000000000000018 35.857562003500007 1.0000000180025095e-35 1.0332531715000002 62.500000000000007 0.97819282600000013
decision_type=2 2 2 2 2 2
left_child=1 2 4 -4 -1 -6
right_child=-2 -3 3 -5 5 -7
leaf_value=-3.6014954379093303e-05 -0.011503578181962416 0.0043806488195376027 -0.0009722523386481275 0.00053748890038419204 -0.00021083237700290637 0.0015373755503784838
leaf_weight=49683 1171 3489 44740 19386 9504 22117
leaf_count=49683 1171 3489 44740 19386 9504 22117
internal_value=-3.36454e-05 3.07204e-05 -7.49476e-05 -0.000792908 0.000491336 0.00138731
internal_weight=150090 148919 145430 64126 81304 31621
internal_count=150090 148919 145430 64126 81304 31621
is_linear=0
shrinkage=0.05


Tree=68
num_leaves=7
num_cat=0
split_feature=9 0 4 8 8 4
split_gain=26.6319 24.415 15.7818 13.3605 13.308 15.1767
threshold=11.500000000000002 102.50000000000001 0.63726644315453129 0.99401569350000007 1.0273347475000001 1.2622708366909163
decision_type=2 2 10 2 2 10
left_child=3 2 -2 -1 -4 -6
right_child=1 -3 4 -5 5 -7
leaf_value=-0.0020425971253772964 -0.001109043557064826 0.0031257231962711352 -0.00040402909914785126 -0.00022896144979225598 0.00024924288773548467 0.0018172609852611099
leaf_weight=12240 7919 15486 25671 23684 59180 6108
leaf_count=12240 7919 15486 25671 23684 59180 6108
internal_value=2.12917e-05 0.000394338 0.000105175 -0.00116619 0.000291599 0.000670822
internal_weight=150288 114364 98878 35924 90959 65288
internal_count=150288 114364 98878 35924 90959 65288
is_linear=0
shrinkage=0.05


Tree=69
num_leaves=7
num_cat=0
split_feature=2 1 1 2 7 1
split_gain=27.0831 36.8608 27.9021 27.7817 25.0902 23.9677
threshold=6.5000000000000009 21.500000000000004 40.500000000000007 3.5000000000000004 1.0595942390000002 64.500000000000014
decision_type=2 2 2 2 2 2
left_child=2 -2 -1 -4 5 -5
right_child=1 -3 3 4 -6 -7
leaf_value=0.0011544574869390091 -0.0012741314219073818 -0.0097486431146596945 -1.8339847081894068e-05 -0.0015731784098338255 0.001227438305016329 -0.0059384237411739711
leaf_weight=42596 5818 1872 88813 6311 2060 2347
leaf_count=42596 5818 1872 88813 6311 2060 2347
internal_value=-2.18593e-05 -0.00291098 0.000134558 -0.000323752 -0.00272778 -0.00390742
internal_weight=149817 7690 142127 99531 10718 8658
internal_count=149817 7690 142127 99531 10718 8658
is_linear=0
shrinkage=0.05


Tree=70
num_leaves=7
num_cat=0
split_feature=2 0 0 2 7 4
split_gain=25.3231 34.2878 28.0982 28.7726 18.8611 16.0007
threshold=6.5000000000000009 103.50000000000001 79.500000000000014 4.5000000000000009 1.0415123170000002 0.68179868191031512
decision_type=2 2 2 2 2 10
left_child=2 5 3 -1 -4 -2
right_child=1 -3 4 -5 -6 -7
leaf_value=-7.8809571522664437e-05 -0.011504846835940689 -0.00044503519295277516 0.00054439277762510232 -0.0032990357033575116 0.0027226968700613699 -0.0055923427494400857
leaf_weight=95925 1004 5064 29679 3581 12873 1732
leaf_count=95925 1004 5064 29679 3581 12873 1732
internal_value=-1.00091e-06 -0.00277386 0.000151341 -0.000308509 0.00122659 -0.00727837
internal_weight=149858 7800 142058 99506 42552 2736
internal_count=149858 7800 142058 99506 42552 2736
is_linear=0
shrinkage=0.05


Tree=71
num_leaves=7
num_cat=0
split_feature=2 7 8 8 8 2
split_gain=31.2517 24.4906 22.3752 18.1915 18.223 18.0962
threshold=8.5000000000000018 1.0941497945000003 1.4622407320000004 1.2720506330000003 1.0626681610000002 3.5000000000000004
decision_type=2 2 2 2 2 2
left_child=1 5 3 4 -3 -1
right_child=-2 2 -4 -5 -6 -7
leaf_value=0.00012383259475597929 -0.010838103744454203 -0.00069392264572232243 0.0041893698266989299 -0.0011848542077125268 0.003079009627472146 -0.00088804531093267247
leaf_weight=96294 1219 1955 1211 2711 5214 41432
leaf_count=96294 1219 1955 1211 2711 5214 41432
internal_value=-2.93253e-05 3.6117e-05 0.00229587 0.00150733 0.00282618 -0.000145937
internal_weight=150036 148817 11091 9880 7169 137726
internal_count=150036 148817 11091 9880 7169 137726
is_linear=0
shrinkage=0.05


Tree=72
num_leaves=7
num_cat=0
split_feature=7 8 9 0 0 8
split_gain=25.0297 22.2998 21.6863 22.748 19.0988 16.7118
threshold=1.0941497945000003 1.4622407320000004 8.5000000000000018 108.50000000000001 46.500000000000007 0.7930155080000002
decision_type=2 2 2 2 2 2
left_child=2 4 -1 5 -2 -4
right_child=1 -3 3 -5 -6 -7
leaf_value=-0.00083751508117814184 -0.0008515042161684861 0.0040338767112295896 -0.0023662133143657785 0.0037212118821667198 0.002324269178320093 -5.5700950330556114e-06
leaf_weight=23352 3459 1185 2593 9775 6413 103308
leaf_count=23352 3459 1185 2593 9775 6413 103308
internal_value=4.83044e-06 0.00229389 -0.000177296 0.000103301 0.00151362 -0.000109767
internal_weight=150085 11057 139028 115676 9872 105901
internal_count=150085 11057 139028 115676 9872 105901
is_linear=0
shrinkage=0.05


Tree=73
num_leaves=7
num_cat=0
split_feature=6 7 7 0 3 0
split_gain=22.8311 23.3513 18.0487 17.0374 17.5212 12.5727
threshold=1.0000000180025095e-35 1.0332531715000002 1.1056902775000002 33.500000000000007 -15.325684024499997 74.500000000000014
decision_type=2 2 2 2 2 2
left_child=2 -2 5 -3 -5 -1
right_child=1 3 -4 4 -6 -7
leaf_value=-1.6042718313441507e-05 -0.00085674634952054296 -0.00099793773879847114 0.0025192852032797312 -0.00084177445423440085 0.0017941564007792012 0.001064334840866088
leaf_weight=55488 46797 4198 4562 4300 11662 22983
leaf_count=55488 46797 4198 4562 4300 11662 22983
internal_value=3.33344e-06 -0.000683597 0.000557275 0.000738904 0.00148431 0.000379415
internal_weight=149990 66957 83033 20160 15962 78471
internal_count=149990 66957 83033 20160 15962 78471
is_linear=0
shrinkage=0.05


Tree=74
num_leaves=7
num_cat=0
split_feature=6 0 8 0 7 5
split_gain=22.0544 18.6007 18.0217 17.115 14.0977 15.3842
threshold=1.5000000000000002 97.500000000000014 0.91747195150000016 29.500000000000004 0.97265887550000019 14.500000000000002
decision_type=2 2 2 2 2 2
left_child=1 2 -1 -2 5 -3
right_child=3 4 -4 -5 -6 -7
leaf_value=-0.0011372779892841135 -0.0032936070166335821 -0.0054299293401397393 0.00011113670571147872 -0.00088862885373883769 0.0030309369002247456 0.0010871299008922031
leaf_weight=11772 1997 1354 101482 13726 15297 4437
leaf_count=11772 1997 1354 101482 13726 15297 4437
internal_value=3.41507e-05 0.000241539 -1.2361e-05 -0.00173735 0.0016048 -0.000496032
internal_weight=150065 134342 113254 15723 21088 5791
internal_count=150065 134342 113254 15723 21088 5791
is_linear=0
shrinkage=0.05


Tree=75
num_leaves=7
num_cat=0
split_feature=3 6 8 8 7 8
split_gain=21.49 17.3876 15.6641 23.2666 15.5443 27.4267
threshold=44.123198582500009 1.5000000000000002 1.4866009315000002 1.404843405 0.98687700150000013 1.3396780625000002
decision_type=2 2 2 2 2 2
left_child=1 2 3 4 -1 -6
right_child=-2 -3 -4 -5 5 -7
leaf_value=-0.00035377710600217882 0.0065130354522957186 -0.00126925463483627 0.0014260132839268858 -0.0013945019818499883 0.00050483600546223921 -0.0016091811998595275
leaf_weight=44524 1750 15527 3544 3733 75697 5268
leaf_count=44524 1750 15527 3544 3733 75697 5268
internal_value=-1.83275e-06 -6.69261e-05 0.000118249 2.82449e-05 0.000144031 0.000556688
internal_weight=150043 148293 132766 129222 125489 80965
internal_count=150043 148293 132766 129222 125489 80965
is_linear=0
shrinkage=0.05


Tree=76
num_leaves=7
num_cat=0
split_feature=2 0 2 0 0 2
split_gain=25.1196 21.3968 34.4745 22.8379 17.552 36.6456
threshold=8.5000000000000018 105.50000000000001 5.5000000000000009 80.500000000000014 45.500000000000007 1.5000000000000002
decision_type=2 2 2 2 2 2
left_child=1 2 4 -4 5 -1
right_child=-2 -3 3 -5 -6 -7
leaf_value=5.8608526645892449e-05 -0.0096247006174700681 0.002659331597708159 -0.0076984584072391339 -0.0020252610434207895 0.00038417303599200817 -0.0015975136603056828
leaf_weight=43718 1214 16474 1399 5261 68035 14029
leaf_count=43718 1214 16474 1399 5261 68035 14029
internal_value=1.13231e-05 6.98357e-05 -0.000141566 -0.00364591 4.41222e-05 -0.000596949
internal_weight=150130 148916 132442 6660 125782 57747
internal_count=150130 148916 132442 6660 125782 57747
is_linear=0
shrinkage=0.05


Tree=77
num_leaves=7
num_cat=0
split_feature=8 8 8 7 5 2
split_gain=19.2158 36.0568 21.2741 19.852 16.8968 16.1903
threshold=0.98958124150000015 0.98235535050000011 0.99940891650000008 1.1056902775000002 8.5000000000000018 3.5000000000000004
decision_type=2 2 2 2 2 2
left_child=1 4 -2 5 -1 -4
right_child=2 -3 3 -5 -6 -7
leaf_value=-0.002028540515107724 0.002326249523161589 -0.0038561594508776777 0.0001821310722760039 0.0018037330178687196 -0.00010425626499847297 -0.0010181089415024715
leaf_weight=6742 3046 1744 80711 7564 31482 18777
leaf_count=6742 3046 1744 80711 7564 31482 18777
internal_value=-1.66588e-05 -0.000955645 0.000324242 0.000206899 -0.000634335 1.90968e-05
internal_weight=150066 39968 110098 107052 38224 99488
internal_count=150066 39968 110098 107052 38224 99488
is_linear=0
shrinkage=0.05


Tree=78
num_leaves=7
num_cat=0
split_feature=2 3 8 8 8 2
split_gain=22.3718 18.2807 16.7688 19.5336 37.5133 36.8487
threshold=8.5000000000000018 35.857562003500007 1.4866009315000002 1.3265075255000001 1.2454544710000002 1.0000000180025095e-35
decision_type=2 2 2 2 2 2
left_child=1 2 3 4 -1 -6
right_child=-2 -3 -4 -5 5 -7
leaf_value=-0.00012605269155956391 -0.009143196303992596 0.003468990307446618 0.0014965041358220744 -0.001016350660341775 0.0031563612298893817 0.0006773567037312245
leaf_weight=115687 1207 3488 3613 12716 3316 10273
leaf_count=115687 1207 3488 3613 12716 3316 10273
internal_value=2.06247e-05 7.56214e-05 -1.01298e-05 -9.57767e-05 8.818e-05 0.00257283
internal_weight=150300 149093 145605 141992 129276 13589
internal_count=150300 149093 145605 141992 129276 13589
is_linear=0
shrinkage=0.05


Tree=79
num_leaves=7
num_cat=0
split_feature=2 1 1 2 7 1
split_gain=21.6426 23.0052 19.9432 27.9784 23.1494 18.8149
threshold=6.5000000000000009 23.500000000000004 31.500000000000004 3.5000000000000004 1.0595942390000002 64.500000000000014
decision_type=2 2 2 2 2 2
left_child=2 -2 -1 -4 5 -5
right_child=1 -3 3 4 -6 -7
leaf_value=0.0013988609290768506 -0.0016062985242186968 -0.0084873267958055203 7.3592575805736529e-05 -0.0014671291895564265 0.00096360873192588017 -0.0053433047063548402
leaf_weight=31814 6081 1632 94761 10422 3083 2359
leaf_count=31814 6081 1632 94761 10422 3083 2359
internal_value=-9.32357e-06 -0.00258811 0.000130402 -0.000186884 -0.00212994 -0.00306781
internal_weight=150152 7713 142439 110625 15864 12781
internal_count=150152 7713 142439 110625 15864 12781
is_linear=0
shrinkage=0.05


Tree=80
num_leaves=7
num_cat=0
split_feature=2 3 6 1 2 1
split_gain=18.4176 17.8982 14.0298 15.4534 15.9375 17.4793
threshold=8.5000000000000018 44.123198582500009 1.0000000180025095e-35 18.500000000000004 3.5000000000000004 83.500000000000014
decision_type=2 2 2 2 2 2
left_child=1 2 -1 -4 5 -5
right_child=-2 -3 3 4 -6 -7
leaf_value=0.00020932781891808694 -0.0079616848689825805 0.0055624648676394946 0.0012066038857190986 0.00036271450584376421 -0.0017160070768507008 -0.00070876114644333752
leaf_weight=82112 1200 1769 13210 18978 17283 15617
leaf_count=82112 1200 1769 13210 18978 17283 15617
internal_value=-6.74218e-05 -1.76205e-05 -7.77827e-05 -0.000626027 -0.00101478 -0.000395231
internal_weight=150169 148969 147200 65088 51878 34595
internal_count=150169 148969 147200 65088 51878 34595
is_linear=0
shrinkage=0.05


Tree=81
num_leaves=7
num_cat=0
split_feature=2 3 3 8 8 7
split_gain=20.159 14.7828 14.0392 11.8588 22.4075 28.6414
threshold=6.5000000000000009 44.123198582500009 -36.352825638499993 1.4866009315000002 1.3396780625000002 0.97819282600000013
decision_type=2 2 2 2 2 2
left_child=1 3 -2 4 -1 -6
right_child=2 -3 -4 -5 5 -7
leaf_value=0.00012424403891260762 -0.0067456796373617017 0.0052201155964350376 -0.0014339675084779182 0.001311969013739131 0.0027439614182747599 -0.0014522568616049227
leaf_weight=126460 2147 1699 5585 3666 1053 9494
leaf_count=126460 2147 1699 5585 3666 1053 9494
internal_value=3.9971e-06 0.000139067 -0.00248158 8.29909e-05 7.84603e-06 -0.00220574
internal_weight=150104 142372 7732 140673 137007 10547
internal_count=150104 142372 7732 140673 137007 10547
is_linear=0
shrinkage=0.05


Tree=82
num_leaves=7
num_cat=0
split_feature=7 9 0 2 7 5
split_gain=18.7249 17.5374 18.5172 28.9514 20.9101 20.4546
threshold=1.0941497945000003 7.5000000000000009 103.50000000000001 3.5000000000000004 1.0765177485000004 5.5000000000000009
decision_type=2 2 2 2 2 2
left_child=1 -1 3 4 -3 -5
right_child=-2 2 -4 5 -6 -7
leaf_value=-0.00086999877285780518 0.0012627867975303797 0.00027108616862986379 0.0023585205201843876 -0.0062143518724193467 -0.0015074056134531833 -0.0010358145140721337
leaf_weight=20165 11127 75867 15236 1118 4075 22602
leaf_count=20165 11127 75867 15236 1118 4075 22602
internal_value=5.32641e-06 -0.000152623 7.86355e-05 -0.00016061 0.00029457 -0.00169442
internal_weight=150190 139063 118898 103662 79942 23720
internal_count=150190 139063 118898 103662 79942 23720
is_linear=0
shrinkage=0.05


Tree=83
num_leaves=7
num_cat=0
split_feature=8 0 7 2 7 7
split_gain=16.8798 17.2151 20.5734 20.3204 30.4233 26.0428
threshold=0.7930155080000002 74.500000000000014 1.0540195770000003 1.5000000000000002 1.0110071485000003 1.0020374635000002
decision_type=2 2 2 2 2 2
left_child=-1 3 -3 5 -5 -2
right_child=1 2 -4 4 -6 -7
leaf_value=-0.002368537742032939 0.00076951292737879049 0.0002981580835093034 0.0022039569713092843 -0.0014062070551811414 0.00022469975040423362 -0.00026958550484586507
leaf_weight=5367 22800 40197 11737 21753 18452 29688
leaf_count=5367 22800 40197 11737 21753 18452 29688
internal_value=2.96669e-05 0.000131886 0.000860625 -0.000276435 -0.00112223 0.000371478
internal_weight=149994 144627 51934 92693 40205 52488
internal_count=149994 144627 51934 92693 40205 52488
is_linear=0
shrinkage=0.05


Tree=84
num_leaves=7
num_cat=0
split_feature=7 2 0 0 2 7
split_gain=14.2516 13.999 33.9181 20.977 22.0569 18.6712
threshold=1.0941497945000003 3.5000000000000004 101.50000000000001 44.500000000000007 6.5000000000000009 1.0765177485000004
decision_type=2 2 2 2 2 2
left_child=1 5 3 -3 -5 -1
right_child=-2 2 -4 4 -6 -7
leaf_value=0.00022735406778796597 0.0011233279566141175 -0.0062635345973841294 0.0011376914192048949 -0.00087132185786598093 -0.0071636505282745792 -0.001251862079383631
leaf_weight=91091 11212 1065 17684 21667 2252 5014
leaf_count=91091 11212 1065 17684 21667 2252 5014
internal_value=7.31715e-05 -6.53922e-05 -0.000819019 -0.00200488 -0.00169809 0.000269223
internal_weight=149985 138773 42668 24984 23919 96105
internal_count=149985 138773 42668 24984 23919 96105
is_linear=0
shrinkage=0.05


Tree=85
num_leaves=7
num_cat=0
split_feature=8 3 7 7 7 6
split_gain=15.6894 19.1135 13.8334 28.8532 27.7051 20.1163
threshold=1.0273347475000001 19.177065947500001 1.0082266555000001 1.0281573725000002 1.0332531715000002 1.0000000180025095e-35
decision_type=2 2 2 2 2 2
left_child=2 -2 -1 5 -5 -4
right_child=1 -3 3 4 -6 -7
leaf_value=-0.00087342628708848575 9.5570038692854864e-05 0.0021852797237136182 0.0044322039989749488 -0.0055754440429249489 -7.8021054357424463e-05 0.000734841438632633
leaf_weight=37246 89616 8533 2438 1094 7910 3258
leaf_count=37246 89616 8533 2438 1094 7910 3258
internal_value=5.82945e-06 0.000377723 -0.00069681 0.000601836 -0.00115995 0.00338537
internal_weight=150095 98149 51946 14700 9004 5696
internal_count=150095 98149 51946 14700 9004 5696
is_linear=0
shrinkage=0.05


Tree=86
num_leaves=7
num_cat=0
split_feature=2 0 0 2 4 2
split_gain=16.7474 19.7341 17.9133 28.6407 12.7113 10.7698
threshold=7.5000000000000009 110.50000000000001 84.500000000000014 5.5000000000000009 1.2705771419570515 1.5000000000000002
decision_type=2 2 2 2 10 2
left_child=2 -2 3 5 -4 -1
right_child=1 -3 4 -5 -6 -7
leaf_value=0.00018498934997173702 -0.0080651098584071431 0.00062996774035426199 0.00080023644156990712 -0.0053383487104820661 0.0046800211358362324 -0.0004099540202605945
leaf_weight=54086 1808 1830 38008 1662 2285 50351
leaf_count=54086 1808 1830 38008 1662 2285 50351
internal_value=4.09904e-05 -0.00330771 0.000124319 -0.000216533 0.00102176 -0.000112742
internal_weight=150030 3638 146392 106099 40293 104437
internal_count=150030 3638 146392 106099 40293 104437
is_linear=0
shrinkage=0.05


Tree=87
num_leaves=7
num_cat=0
split_feature=2 0 0 2 8 8
split_gain=17.3077 26.8434 20.2534 26.4948 21.3295 29.1614
threshold=5.5000000000000009 81.500000000000014 47.500000000000007 1.5000000000000002 0.91747195150000016 0.96653835150000011
decision_type=2 2 2 2 2 2
left_child=2 -2 3 4 -1 -6
right_child=1 -3 -4 -5 5 -7
leaf_value=-0.0016899040859181592 -0.0067690862512285073 -0.0010625596577018726 0.00053352522751888294 -0.0013166735728709191 0.0020823490577688065 6.5423462252423012e-05
leaf_weight=2875 1545 13707 74767 15535 2390 39296
leaf_count=2875 1545 13707 74767 15535 2390 39296
internal_value=4.27991e-05 -0.00155339 0.000223367 -0.000460059 0.000159875 0.000447339
internal_weight=150115 15252 134863 60096 44561 41686
internal_count=150115 15252 134863 60096 44561 41686
is_linear=0
shrinkage=0.05


Tree=88
num_leaves=7
num_cat=0
split_feature=2 0 2 0 7 3
split_gain=14.6049 13.4677 18.4393 15.1797 13.1249 40.8491
threshold=8.5000000000000018 106.50000000000001 5.5000000000000009 76.500000000000014 0.92279821500000014 -17.521275622499996
decision_type=2 2 2 2 2 2
left_child=1 2 4 -4 5 -1
right_child=-2 -3 3 -5 -6 -7
leaf_value=0.0049684182793113263 -0.0070876594432009391 0.002133957725068897 -0.0075698451028455216 -0.0016248350700125537 -5.9076389857859457e-05 -0.00011861922804354275
leaf_weight=1577 1219 15336 1072 6021 121667 4038
leaf_count=1577 1219 15336 1072 6021 121667 4038
internal_value=-1.39133e-05 3.05579e-05 -0.00012967 -0.00260989 8.64189e-06 0.002371
internal_weight=150930 149711 134375 7093 127282 5615
internal_count=150930 149711 134375 7093 127282 5615
is_linear=0
shrinkage=0.05


end of trees

feature_importances:
wickets=110
legal_balls=106
crease_sr_idx=66
runs_vs_par=57
crease_balls=52
crease_avg_idx=47
run_rate_rel=43
balls_remaining=26
wickets_last_12=17
runs_last_12=10

parameters:
[boosting: gbdt]
[objective: quantile]
[metric: quantile]
[tree_learner: serial]
[device_type: cpu]
[data_sample_strategy: bagging]
[data: ]
[valid: ]
[num_iterations: 89]
[learning_rate: 0.05]
[num_leaves: 7]
[num_threads: 12]
[seed: 7]
[deterministic: 1]
[force_col_wise: 0]
[force_row_wise: 1]
[histogram_pool_size: -1]
[max_depth: -1]
[min_data_in_leaf: 1000]
[min_sum_hessian_in_leaf: 0.001]
[bagging_fraction: 0.8]
[pos_bagging_fraction: 1]
[neg_bagging_fraction: 1]
[bagging_freq: 1]
[bagging_seed: 17422]
[bagging_by_query: 0]
[feature_fraction: 0.8]
[feature_fraction_bynode: 1]
[feature_fraction_seed: 7040]
[extra_trees: 0]
[extra_seed: 6516]
[early_stopping_round: 0]
[early_stopping_min_delta: 0]
[first_metric_only: 0]
[max_delta_step: 0]
[lambda_l1: 0]
[lambda_l2: 5]
[linear_lambda: 0]
[min_gain_to_split: 0]
[drop_rate: 0.1]
[max_drop: 50]
[skip_drop: 0.5]
[xgboost_dart_mode: 0]
[uniform_drop: 0]
[drop_seed: 15215]
[top_rate: 0.2]
[other_rate: 0.1]
[min_data_per_group: 100]
[max_cat_threshold: 32]
[cat_l2: 10]
[cat_smooth: 10]
[max_cat_to_onehot: 4]
[top_k: 20]
[monotone_constraints: ]
[monotone_constraints_method: basic]
[monotone_penalty: 0]
[feature_contri: ]
[forcedsplits_filename: ]
[refit_decay_rate: 0.9]
[cegb_tradeoff: 1]
[cegb_penalty_split: 0]
[cegb_penalty_feature_lazy: ]
[cegb_penalty_feature_coupled: ]
[path_smooth: 0]
[interaction_constraints: ]
[verbosity: -1]
[saved_feature_importance_type: 0]
[use_quantized_grad: 0]
[num_grad_quant_bins: 4]
[quant_train_renew_leaf: 0]
[stochastic_rounding: 1]
[linear_tree: 0]
[max_bin: 255]
[max_bin_by_feature: ]
[min_data_in_bin: 3]
[bin_construct_sample_cnt: 200000]
[data_random_seed: 61]
[is_enable_sparse: 1]
[enable_bundle: 1]
[use_missing: 1]
[zero_as_missing: 0]
[feature_pre_filter: 1]
[pre_partition: 0]
[two_round: 0]
[header: 0]
[label_column: ]
[weight_column: ]
[group_column: ]
[ignore_column: ]
[categorical_feature: ]
[forcedbins_filename: ]
[precise_float_parser: 0]
[parser_config_file: ]
[objective_seed: 15521]
[num_class: 1]
[is_unbalance: 0]
[scale_pos_weight: 1]
[sigmoid: 1]
[boost_from_average: 1]
[reg_sqrt: 0]
[alpha: 0.5]
[fair_c: 1]
[poisson_max_delta_step: 0.7]
[tweedie_variance_power: 1.5]
[lambdarank_truncation_level: 30]
[lambdarank_norm: 1]
[label_gain: ]
[lambdarank_position_bias_regularization: 0]
[eval_at: ]
[multi_error_top_k: 1]
[auc_mu_weights: ]
[num_machines: 1]
[local_listen_port: 12400]
[time_out: 120]
[machine_list_filename: ]
[machines: ]
[gpu_platform_id: -1]
[gpu_device_id: -1]
[gpu_device_id_list: ]
[gpu_use_dp: 0]
[num_gpu: 1]

end of parameters

pandas_categorical:null
