tree
version=v4
num_class=1
num_tree_per_iteration=1
label_index=0
max_feature_idx=9
objective=quantile
feature_names=legal_balls balls_remaining wickets runs_vs_par run_rate_rel runs_last_12 wickets_last_12 crease_sr_idx crease_avg_idx crease_balls
feature_infos=[0:119] [1:120] [0:9] [-86.099541732000006:111.581242707] [0:8.3184877693433137] [0:60] [0:5] [0.79223889800000002:1.289539974] [0.51074293000000004:1.899443998] [0:115]
tree_sizes=760 810 803 808 803 807 806 809 809 814 814 806 808 809 810 805 807 818 810 820 814 810 811 817 809 814 806 813 810 821 814 804 821 820 814 811 818 817 816 823 817 814 820 820 819 810 808 815 824 819 812 812 822 812 824 812 812 817 816 813 829 811 815 819 819 815 825 822 820 824 820 823 816 821 809 821 818 813 818 819 823 817 819 820 810 814 826 815 824 815

Tree=0
num_leaves=7
num_cat=0
split_feature=0 4 9 0 9 0
split_gain=3035.02 478.191 345.976 112.452 106.223 76.3017
threshold=72.500000000000014 0.86263452921643191 29.500000000000004 89.500000000000014 15.500000000000002 59.500000000000007
decision_type=2 10 2 2 2 2
left_child=2 -2 -1 -3 -5 -4
right_child=1 3 5 4 -6 -7
leaf_value=1.2988054677844048 1.3082503169775008 1.312390038371086 1.303740805387497 1.3185123801231384 1.3260603353381157 1.3079434543848039
leaf_weight=65776 17706 13446 15712 8041 19514 9730
leaf_count=65776 17706 13446 15712 8041 19514 9730
internal_value=1.30572 1.31459 1.30002 1.31756 1.31939 1.30497
internal_weight=149925 58707 91218 41001 27555 25442
internal_count=149925 58707 91218 41001 27555 25442
is_linear=0
shrinkage=1


Tree=1
num_leaves=7
num_cat=0
split_feature=0 3 9 9 0 0
split_gain=2751.33 379.712 335.951 112.399 118.038 68.6786
threshold=74.500000000000014 -19.127954139999996 31.500000000000004 15.500000000000002 93.500000000000014 59.500000000000007
decision_type=2 2 2 2 2 2
left_child=2 -2 -1 -3 -5 -4
right_child=1 3 5 4 -6 -7
leaf_value=-0.0063195999711751945 0.0026137079298496294 0.0093105494976043705 -0.0015899482369422957 0.0079898449406027808 0.02073589213192463 0.0024890278279781301
leaf_weight=70480 15179 10082 13138 14307 16888 10264
leaf_count=70480 15179 10082 13138 14307 16888 10264
internal_value=-6.83437e-05 0.00865376 -0.00531357 0.0111401 0.0126238 -0.000122827
internal_weight=150338 56456 93882 41277 31195 23402
internal_count=150338 56456 93882 41277 31195 23402
is_linear=0
shrinkage=0.05


Tree=2
num_leaves=7
num_cat=0
split_feature=1 4 9 1 9 3
split_gain=2532.73 400.046 284.625 117.93 81.3513 78.7252
threshold=48.500000000000007 0.86263452921643191 26.500000000000004 28.500000000000004 14.500000000000002 10.507721739000003
decision_type=2 10 2 2 2 2
left_child=1 -1 -2 4 -3 -4
right_child=2 3 5 -5 -6 -7
leaf_value=0.002144390664994722 -0.0066414641775190859 0.011803593933582303 -0.0019202476590871821 0.0060779473008587999 0.019213359903544183 0.0027703244220465386
leaf_weight=18098 60030 7210 24685 15827 18735 5611
leaf_count=18098 60030 7210 24685 15827 18735 5611
internal_value=-0.000133821 0.00784092 -0.00541979 0.0105309 0.0126065 -0.0014686
internal_weight=150196 59870 90326 41772 25945 30296
internal_count=150196 59870 90326 41772 25945 30296
is_linear=0
shrinkage=0.05


Tree=3
num_leaves=7
num_cat=0
split_feature=0 4 9 0 9 9
split_gain=2303.24 385.401 208.397 136.875 88.3876 70.3282
threshold=68.500000000000014 0.86263452921643191 28.500000000000004 85.500000000000014 13.500000000000002 25.500000000000004
decision_type=2 10 2 2 2 2
left_child=2 5 -1 -3 -5 -2
right_child=1 3 -4 4 -6 -7
leaf_value=-0.0061214932864531949 -0.0026014441188424776 0.0043581201461609488 -0.0010917792765423706 0.0097616239041089965 0.016293227954395108 0.0043347356149926802
leaf_weight=62235 9421 13308 24074 7342 23511 10147
leaf_count=62235 9421 13308 24074 7342 23511 10147
internal_value=-0.000136128 0.00707295 -0.00545928 0.00966099 0.0114893 0.00123129
internal_weight=150038 63729 86309 44161 30853 19568
internal_count=150038 63729 86309 44161 30853 19568
is_linear=0
shrinkage=0.05


Tree=4
num_leaves=7
num_cat=0
split_feature=1 9 3 1 3 9
split_gain=2093.17 300.688 272.333 102.283 99.455 75.3396
threshold=44.500000000000007 24.500000000000004 -19.728149422499996 65.500000000000014 29.109050778500002 15.500000000000002
decision_type=2 2 2 2 2 2
left_child=2 -2 -1 -3 5 -4
right_child=1 3 4 -5 -6 -7
leaf_value=0.002193872351674364 -0.0060720128782658089 0.001145760583318195 0.0067498075433075405 -0.002693779934616758 0.020335166401416062 0.010990843814179536
leaf_weight=14438 57502 18472 8858 19417 4615 26987
leaf_count=14438 57502 18472 8858 19417 4615 26987
internal_value=-0.000197696 -0.00467407 0.00758019 -0.00121556 0.00968368 0.00879184
internal_weight=150289 95391 54898 37889 40460 35845
internal_count=150289 95391 54898 37889 40460 35845
is_linear=0
shrinkage=0.05


Tree=5
num_leaves=7
num_cat=0
split_feature=0 4 9 4 0 9
split_gain=1913.29 315.498 202.521 92.8388 89.1221 69.8462
threshold=69.500000000000014 0.91782233138774705 23.500000000000004 0.76113482678211042 83.500000000000014 10.500000000000002
decision_type=2 10 2 10 2 2
left_child=2 3 -1 -2 -3 -6
right_child=1 4 -4 -5 5 -7
leaf_value=-0.0059677204950591258 -0.0026153971669408472 0.0039430752915103175 -0.001456016284111536 0.0047758014392252357 0.0086393612716719522 0.015032463105684147
leaf_weight=53108 8025 8423 34460 18725 4748 22503
leaf_count=53108 8025 8423 34460 18725 4748 22503
internal_value=-0.000240005 0.00644813 -0.00500782 0.00234255 0.00952591 0.0109155
internal_weight=149992 62424 87568 26750 35674 27251
internal_count=149992 62424 87568 26750 35674 27251
is_linear=0
shrinkage=0.05


Tree=6
num_leaves=7
num_cat=0
split_feature=0 5 9 4 0 3
split_gain=1709.91 306.931 167.342 120.272 106.12 76.7563
threshold=67.500000000000014 16.500000000000004 22.500000000000004 0.78779789955611268 94.500000000000014 7.737211620000001
decision_type=2 2 2 10 2 2
left_child=2 3 -1 -2 -3 -4
right_child=1 4 5 -5 -6 -7
leaf_value=-0.0057917400589330261 -0.0032006347033565088 0.0052651736254772236 -0.0026316486030386055 0.0044117114041921229 0.016894842531101486 0.0013495541328099048
leaf_weight=50447 8729 14506 27243 21930 19555 7523
leaf_count=50447 8729 14506 27243 21930 19555 7523
internal_value=-0.000352229 0.00577443 -0.00500554 0.00214462 0.00904091 -0.002336
internal_weight=149933 64720 85213 30659 34061 34766
internal_count=149933 64720 85213 30659 34061 34766
is_linear=0
shrinkage=0.05


Tree=7
num_leaves=7
num_cat=0
split_feature=0 4 0 9 2 9
split_gain=1583.02 304.348 138.538 137.365 78.3896 62.9304
threshold=64.500000000000014 0.84700127920376189 95.500000000000014 21.500000000000004 3.5000000000000004 16.500000000000004
decision_type=2 10 2 2 2 2
left_child=3 -2 4 -1 -3 -4
right_child=1 2 5 -5 -6 -7
leaf_value=-0.0056788599661197316 -3.8497162371420314e-06 0.0055938180950222405 0.010219462418300502 -0.0019459670531735862 0.00069106151808149001 0.016858767469613584
leaf_weight=47301 19578 17871 7602 33940 8022 15642
leaf_count=47301 19578 17871 7602 33940 8022 15642
internal_value=-0.000317749 0.00526794 0.00736819 -0.00504225 0.00485124 0.0101703
internal_weight=149956 68715 49137 81241 25893 23244
internal_count=149956 68715 49137 81241 25893 23244
is_linear=0
shrinkage=0.05


Tree=8
num_leaves=7
num_cat=0
split_feature=0 9 4 3 2 0
split_gain=1462.83 281.921 188.723 95.7695 71.1308 70.8983
threshold=77.500000000000014 33.500000000000007 0.91782233138774705 6.6162584090000012 6.5000000000000009 99.500000000000014
decision_type=2 2 10 2 2 2
left_child=1 3 4 -1 5 -2
right_child=2 -3 -4 -5 -6 -7
leaf_value=-0.0050094733054418979 0.0021688673397416594 0.00071533353636732411 0.010953485624081539 -0.00034544712584608228 -0.0049306682851224864 0.013576987557843213
leaf_weight=66915 11507 21933 31005 8507 5168 4808
leaf_count=66915 11507 21933 31005 8507 5168 4808
internal_value=-0.000334589 -0.00396197 0.00639323 -0.00541285 0.00279051 0.00440947
internal_weight=149843 97355 52488 75422 21483 16315
internal_count=149843 97355 52488 75422 21483 16315
is_linear=0
shrinkage=0.05


Tree=9
num_leaves=7
num_cat=0
split_feature=1 5 3 1 4 9
split_gain=1317.87 266.398 122.542 104.432 97.299 57.8611
threshold=57.500000000000007 16.500000000000004 7.1466483805000012 22.500000000000004 0.79800359875750637 19.500000000000004
decision_type=2 2 2 2 10 2
left_child=1 4 5 -3 -1 -2
right_child=2 3 -4 -5 -6 -7
leaf_value=-0.0027401269442478395 -0.0055657944969233599 0.016086689676569867 0.00015030901272558572 0.0045121374147792798 0.0033099285976650851 -0.0028401217750605671
leaf_weight=11047 39857 17556 10451 18662 23926 28553
leaf_count=11047 39857 17556 10451 18662 23926 28553
internal_value=-0.000398182 0.00453344 -0.00485016 0.00753872 0.00142054 -0.00562048
internal_weight=150052 71191 78861 36218 34973 68410
internal_count=150052 71191 78861 36218 34973 68410
is_linear=0
shrinkage=0.05


Tree=10
num_leaves=7
num_cat=0
split_feature=0 0 4 2 2 4
split_gain=1213.08 218.152 148.789 133.216 66.9268 65.6494
threshold=79.500000000000014 49.500000000000007 0.91782233138774705 3.5000000000000004 6.5000000000000009 1.2405125154859988
decision_type=2 2 10 2 2 10
left_child=1 -1 4 -3 -2 -4
right_child=2 3 5 -5 -6 -7
leaf_value=-0.0042663758791786303 0.0047715993862830599 0.00088817506765329632 0.0093205246241945122 -0.0056110064102465667 -0.0047226455193015715 0.017657384506284363
leaf_weight=62645 15032 27973 26388 9388 5139 3434
leaf_count=62645 15032 27973 26388 9388 5139 3434
internal_value=-0.000399239 -0.00357836 0.00595999 -0.000554314 0.00264237 0.00820314
internal_weight=149999 100006 49993 37361 20171 29822
internal_count=149999 100006 49993 37361 20171 29822
is_linear=0
shrinkage=0.05


Tree=11
num_leaves=7
num_cat=0
split_feature=1 9 4 3 7 1
split_gain=1086.5 226.29 141.84 87.5287 77.8223 58.6037
threshold=42.500000000000007 33.500000000000007 0.80299667765680416 7.737211620000001 1.0423488495000004 19.500000000000004
decision_type=2 2 10 2 2 2
left_child=2 3 -1 -2 5 -4
right_child=1 -3 4 -5 -6 -7
leaf_value=-0.00015209542368145313 -0.0043249617139142719 0.00069514765304535826 0.012589763625752433 0.00022810943937549291 0.011699128137788284 0.0030381259698526509
leaf_weight=9415 68203 22009 15086 7364 12299 15663
leaf_count=9415 68203 22009 15086 7364 12299 15663
internal_value=-0.000406464 -0.0035263 0.00539591 -0.0048257 0.00661162 0.00526558
internal_weight=150039 97576 52463 75567 43048 30749
internal_count=150039 97576 52463 75567 43048 30749
is_linear=0
shrinkage=0.05


Tree=12
num_leaves=7
num_cat=0
split_feature=1 5 1 3 2 3
split_gain=987.871 217.973 107.171 105.482 61.6544 55.6436
threshold=59.500000000000007 15.500000000000002 20.500000000000004 7.1466483805000012 4.5000000000000009 -25.198691202999999
decision_type=2 2 2 2 2 2
left_child=1 5 -3 -2 -4 -1
right_child=3 2 4 -5 -6 -7
leaf_value=-0.0031118852880148377 -0.0039935398903486628 0.014901227891687827 0.0043959378940727134 0.0002764131782906104 -0.0030436950637849902 0.0018659624968741741
leaf_weight=9153 66473 17288 20520 9938 3295 23144
leaf_count=9153 66473 17288 20520 9938 3295 23144
internal_value=-0.000440457 0.00370206 0.00611712 -0.00441972 0.00394049 0.000628057
internal_weight=149811 73400 41103 76411 23815 32297
internal_count=149811 73400 41103 76411 23815 32297
is_linear=0
shrinkage=0.05


Tree=13
num_leaves=7
num_cat=0
split_feature=0 0 2 2 0 3
split_gain=891.049 191.788 146.524 118.163 115.98 65.4952
threshold=81.500000000000014 47.500000000000007 4.5000000000000009 5.5000000000000009 105.50000000000001 9.2278947870000021
decision_type=2 2 2 2 2 2
left_child=1 -1 5 -2 -5 -3
right_child=3 2 -4 4 -6 -7
leaf_value=-0.0037609557823370639 0.0080839176409372993 -0.00037466848530465783 -0.01144695797659725 -0.0059682370686612975 0.0099537744498099726 0.0036135847279959335
leaf_weight=60210 33802 31195 4341 5512 8125 6997
leaf_count=60210 33802 31195 4341 5512 8125 6997
internal_value=-0.000437954 -0.00305493 -0.000484567 0.00522959 0.00130021 0.000505275
internal_weight=150182 102743 42533 47439 13637 38192
internal_count=150182 102743 42533 47439 13637 38192
is_linear=0
shrinkage=0.05


Tree=14
num_leaves=7
num_cat=0
split_feature=0 5 9 0 2 4
split_gain=826.04 176.857 99.666 98.0442 66.2968 62.5221
threshold=63.500000000000007 14.500000000000002 17.500000000000004 98.500000000000014 4.5000000000000009 0.64343459852208518
decision_type=2 2 2 2 2 10
left_child=2 5 -1 4 -3 -2
right_child=1 3 -4 -5 -6 -7
leaf_value=-0.0044840235049827259 -0.011814708630926173 0.0039588673680104186 -0.0015996050641610472 0.013265119743327497 -0.0035181226095616137 0.00096166980178509227
leaf_weight=38559 2306 20722 41609 19531 3686 23905
leaf_count=38559 2306 20722 41609 19531 3686 23905
internal_value=-0.000463169 0.00349904 -0.00393025 0.00543789 0.00332405 0.000248417
internal_weight=150318 70150 80168 43939 24408 26211
internal_count=150318 70150 80168 43939 24408 26211
is_linear=0
shrinkage=0.05


Tree=15
num_leaves=7
num_cat=0
split_feature=0 0 2 2 0 3
split_gain=748.697 166.919 144.66 107.23 98.5367 61.8133
threshold=82.500000000000014 51.500000000000007 4.5000000000000009 5.5000000000000009 105.50000000000001 9.8558364400000027
decision_type=2 2 2 2 2 2
left_child=1 5 -3 -2 -5 -1
right_child=3 2 -4 4 -6 -7
leaf_value=-0.003652398696583892 0.0076565063063094522 0.00065786526046892615 -0.010491668820579184 -0.0055393917847473802 0.0092412510087462093 0.000486847283791525
leaf_weight=59716 32725 34241 4398 5370 8159 5593
leaf_count=59716 32725 34241 4398 5370 8159 5593
internal_value=-0.000480171 -0.00283494 -0.000229984 0.0048115 0.00106676 -0.00437598
internal_weight=150202 103948 38639 46254 13529 65309
internal_count=150202 103948 38639 46254 13529 65309
is_linear=0
shrinkage=0.05


Tree=16
num_leaves=7
num_cat=0
split_feature=0 0 9 7 7 9
split_gain=670.937 161.689 96.1128 77.964 76.8581 71.6507
threshold=59.500000000000007 89.500000000000014 34.500000000000007 1.1031508225000002 1.0203548660000001 18.500000000000004
decision_type=2 2 2 2 2 2
left_child=3 2 -2 5 -3 -1
right_child=1 4 -4 -5 -6 -7
leaf_value=-0.0042194071564095161 -0.0016225941210381567 0.0048684371880980629 0.0026757556376505788 0.002623710246378641 0.010866422402316596 -0.001750468742780148
leaf_weight=37551 19250 23090 18135 3915 14315 33432
leaf_count=37551 19250 23090 18135 3915 14315 33432
internal_value=-0.000520398 0.0028294 0.000503811 -0.00386533 0.00515337 -0.0042442
internal_weight=149688 74790 37385 74898 37405 70983
internal_count=149688 74790 37385 74898 37405 70983
is_linear=0
shrinkage=0.05


Tree=17
num_leaves=7
num_cat=0
split_feature=0 9 4 4 7 0
split_gain=624.952 196.885 92.1308 76.4662 59.2967 54.095
threshold=80.500000000000014 34.500000000000007 1.0300605130122156 0.77477145001018477 1.0531739995000002 104.50000000000001
decision_type=2 2 10 10 2 2
left_child=1 3 5 -1 -5 -2
right_child=2 -3 -4 4 -6 -7
leaf_value=-0.0046933507914708184 0.0011993710142341075 0.0010155158919183088 0.0097371635488119682 -0.0025112556847295634 0.00034032274081922112 0.010217183701601452
leaf_weight=30082 21107 22334 16663 37904 11049 10909
leaf_count=30082 21107 22334 16663 37904 11049 10909
internal_value=-0.000470834 -0.00270693 0.00418541 -0.00387826 -0.00265866 0.00261547
internal_weight=150048 101369 48679 79035 48953 32016
internal_count=150048 101369 48679 79035 48953 32016
is_linear=0
shrinkage=0.05


Tree=18
num_leaves=7
num_cat=0
split_feature=0 3 0 2 3 4
split_gain=567 156.387 91.4516 104.475 80.5953 53.829
threshold=60.500000000000007 3.3001519045000003 100.50000000000001 5.5000000000000009 19.177065947500001 0.74953701429794628
decision_type=2 2 2 2 2 10
left_child=4 2 3 -2 5 -1
right_child=1 -3 -4 -5 -6 -7
leaf_value=-0.0044749776716627504 0.00072912958612687817 0.0068609346346561913 0.0079699328817935712 -0.0092240911089478302 0.0040896451302453894 -0.0019720836038607191
leaf_weight=25204 31636 23551 13784 4804 2221 49131
leaf_count=25204 31636 23551 13784 4804 2221 49131
internal_value=-0.000505119 0.00262283 0.00104621 -0.000266154 -0.00351942 -0.00379994
internal_weight=150331 73775 50224 36440 76556 74335
internal_count=150331 73775 50224 36440 76556 74335
is_linear=0
shrinkage=0.05


Tree=19
num_leaves=7
num_cat=0
split_feature=0 4 7 4 0 9
split_gain=527.541 150.683 101.078 72.9668 71.2184 54.5043
threshold=57.500000000000007 0.79800359875750637 1.0540195770000003 0.96777889877220147 97.500000000000014 40.500000000000007
decision_type=2 10 2 10 2 2
left_child=3 -2 4 -1 5 -3
right_child=1 2 -4 -5 -6 -7
leaf_value=-0.0035491303572582015 -0.0020222527560916359 -0.00063478120339572903 0.007519350878967857 -0.00097479205384175824 0.0080196571426488557 0.0031269064057066753
leaf_weight=46581 15564 17610 13976 26152 18735 11531
leaf_count=46581 15564 17610 13976 26152 18735 11531
internal_value=-0.000434637 0.00243797 0.00354447 -0.00349216 0.00245191 0.000905356
internal_weight=150149 77416 61852 72733 47876 29141
internal_count=150149 77416 61852 72733 47876 29141
is_linear=0
shrinkage=0.05


Tree=20
num_leaves=7
num_cat=0
split_feature=0 4 0 2 2 8
split_gain=480.558 147.31 95.9299 92.9254 77.4974 54.2857
threshold=87.500000000000014 0.74629647103603058 48.500000000000007 6.5000000000000009 4.5000000000000009 0.99602133200000009
decision_type=2 10 2 2 2 2
left_child=1 -1 -3 -2 5 -4
right_child=3 2 4 -5 -6 -7
leaf_value=-0.0040534871667518265 0.0070749701042577638 -0.0019260236474939576 -0.0018292885657757636 -0.0020807054473001934 -0.0077655040204420269 0.0017531594970241094
leaf_weight=30244 33156 39757 6692 6820 3171 30339
leaf_count=30244 33156 39757 6692 6820 3171 30339
internal_value=-0.000428724 -0.00213222 -0.0010078 0.00426703 0.000714428 0.00135713
internal_weight=150179 110203 79959 39976 40202 37031
internal_count=150179 110203 79959 39976 40202 37031
is_linear=0
shrinkage=0.05


Tree=21
num_leaves=7
num_cat=0
split_feature=0 5 9 4 3 4
split_gain=433.948 109.009 84.5453 51.5591 48.8835 48.4543
threshold=65.500000000000014 16.500000000000004 16.500000000000004 1.2547172586190338 19.806329085500003 0.64343459852208518
decision_type=2 2 2 10 2 10
left_child=2 5 -1 -3 -4 -2
right_child=1 3 4 -5 -6 -7
leaf_value=-0.0034304422631707635 -0.010468050960222795 0.0047108100258729472 -0.0012352252342898386 0.011666803961844796 0.0038882515530791807 0.0010323326508568183
leaf_weight=36836 2372 31785 43787 3260 2191 30016
leaf_count=36836 2372 31785 43787 3260 2191 30016
internal_value=-0.000451159 0.00252658 -0.00287585 0.00445899 -0.00144564 0.000435279
internal_weight=150247 67433 82814 35045 45978 32388
internal_count=150247 67433 82814 35045 45978 32388
is_linear=0
shrinkage=0.05


Tree=22
num_leaves=7
num_cat=0
split_feature=0 9 2 0 8 3
split_gain=406.428 167.07 75.1777 59.4843 58.6758 53.7987
threshold=85.500000000000014 33.500000000000007 5.5000000000000009 108.50000000000001 0.99602133200000009 22.878424782500002
decision_type=2 2 2 2 2 2
left_child=1 4 -2 -4 -1 -6
right_child=2 -3 3 -5 5 -7
leaf_value=-0.0043419025301402762 0.0064109974859615339 0.00096262011820390518 -0.0040165070778951095 0.0081996997093594422 -0.0019986258281675605 0.0059463517272373761
leaf_weight=17624 29181 27295 6315 6809 61690 1011
leaf_count=17624 29181 27295 6315 6809 61690 1011
internal_value=-0.000479307 -0.0021115 0.0036726 0.000529362 -0.00325983 -0.00254302
internal_weight=149925 107620 42305 13124 80325 62701
internal_count=149925 107620 42305 13124 80325 62701
is_linear=0
shrinkage=0.05


Tree=23
num_leaves=7
num_cat=0
split_feature=0 9 7 2 7 4
split_gain=370.386 150.043 79.1853 69.9527 47.6006 46.3456
threshold=87.500000000000014 34.500000000000007 1.0531739995000002 6.5000000000000009 1.0203548660000001 0.89282378560204256
decision_type=2 2 2 2 2 10
left_child=1 2 5 4 -2 -1
right_child=3 -3 -4 -5 -6 -7
leaf_value=-0.0037015492891849192 0.003907294436216735 0.0009910734180071934 -4.3705117959214061e-05 -0.0018087240103788927 0.0087860237872417982 -0.0014942476921906813
leaf_weight=37979 18885 26711 17838 6848 14192 27660
leaf_count=37979 18885 26711 17838 6848 14192 27660
internal_value=-0.000489698 -0.0019847 -0.00302835 0.00363605 0.00458822 -0.00383108
internal_weight=150113 110188 83477 39925 33077 65639
internal_count=150113 110188 83477 39925 33077 65639
is_linear=0
shrinkage=0.05


Tree=24
num_leaves=7
num_cat=0
split_feature=0 9 3 9 0 2
split_gain=328.16 140.2 64.5427 63.2074 54.4258 48.1248
threshold=86.500000000000014 38.500000000000007 7.4304394665000002 14.500000000000002 104.50000000000001 5.5000000000000009
decision_type=2 2 2 2 2 2
left_child=1 2 5 -2 -5 -1
right_child=3 -3 -4 4 -6 -7
leaf_value=-0.0022074451216030021 0.00011799282956257429 0.0013940601659885284 0.0007733409785919132 0.0028104541236450564 0.01343897663895185 -0.014004349528125249
leaf_weight=76720 10989 19590 10266 17877 12265 2077
leaf_count=76720 10989 19590 10266 17877 12265 2077
internal_value=-0.000494696 -0.00193463 -0.00277695 0.00330884 0.00449216 -0.00326277
internal_weight=149784 108653 89063 41131 30142 78797
internal_count=149784 108653 89063 41131 30142 78797
is_linear=0
shrinkage=0.05


Tree=25
num_leaves=7
num_cat=0
split_feature=0 3 7 4 7 9
split_gain=308.53 111.74 60.1526 53.4245 48.0872 44.7808
threshold=57.500000000000007 1.0000000180025095e-35 1.1031508225000002 0.63726644315453129 1.0576598845000003 18.500000000000004
decision_type=2 2 2 10 2 2
left_child=2 3 5 -2 -5 -1
right_child=1 -3 -4 4 -6 -7
leaf_value=-0.0029153165157331101 -0.0075649598394610384 0.004779149342216741 0.0028898292976315188 3.6267656411803632e-05 0.0042616363820405572 -0.0011255166068409594
leaf_weight=37224 3181 28492 3765 37777 8050 31618
leaf_count=37224 3181 28492 3765 37777 8050 31618
internal_value=-0.000390292 0.00180375 -0.00273216 0.000356028 0.000791205 -0.00306876
internal_weight=150107 77500 72607 49008 45827 68842
internal_count=150107 77500 72607 49008 45827 68842
is_linear=0
shrinkage=0.05


Tree=26
num_leaves=7
num_cat=0
split_feature=0 9 0 2 3 9
split_gain=279.522 85.7316 72.7511 112.229 48.0108 41.1561
threshold=73.500000000000014 18.500000000000004 106.50000000000001 5.5000000000000009 19.806329085500003 12.500000000000002
decision_type=2 2 2 2 2 2
left_child=1 -1 3 -2 -3 -4
right_child=2 4 5 -5 -6 -7
leaf_value=-0.0026542024859607717 0.0024013623808530646 -0.0007386100449026878 0.0028729378004086039 -0.0066427543135744449 0.0038305638662137517 0.014130236886242221
leaf_weight=43079 34978 46501 4919 6580 2746 11162
leaf_count=43079 34978 46501 4919 6580 2746 11162
internal_value=-0.000421834 -0.0021274 0.00231008 0.0012048 -0.000702256 0.00516521
internal_weight=149965 92326 57639 41558 49247 16081
internal_count=149965 92326 57639 41558 49247 16081
is_linear=0
shrinkage=0.05


Tree=27
num_leaves=7
num_cat=0
split_feature=0 9 7 2 4 0
split_gain=266.827 114.643 69.8796 62.0839 45.2034 43.1365
threshold=87.500000000000014 35.500000000000007 1.0531739995000002 6.5000000000000009 0.89061528536331991 108.50000000000001
decision_type=2 2 2 2 10 2
left_child=1 2 4 -2 -1 -5
right_child=3 -3 -4 5 -6 -7
leaf_value=-0.0032868850335547486 0.005333703361224568 0.00095136188565811408 0.00011353086744219088 -0.008675933916631462 -0.0012456342599488218 0.0046861609977788933
leaf_weight=38490 32939 24998 18127 2963 28560 3999
leaf_count=38490 32939 24998 18127 2963 28560 3999
internal_value=-0.00043743 -0.00170619 -0.00257992 0.00306564 -0.00332451 -0.00122363
internal_weight=150076 110175 85177 39901 67050 6962
internal_count=150076 110175 85177 39901 67050 6962
is_linear=0
shrinkage=0.05


Tree=28
num_leaves=7
num_cat=0
split_feature=0 3 2 0 2 0
split_gain=238.084 90.056 71.6486 78.3223 58.7987 45.3181
threshold=84.500000000000014 9.2278947870000021 4.5000000000000009 53.500000000000007 6.5000000000000009 103.50000000000001
decision_type=2 2 2 2 2 2
left_child=1 2 3 -1 5 -2
right_child=4 -3 -4 -5 -6 -7
leaf_value=-0.001983396150657657 0.0020964442591622141 0.0016058766963764572 -0.0084947247184482804 0.00024086643846842894 -0.0028998040837580844 0.010348553477817532
leaf_weight=60574 21766 13120 5356 27139 7167 14726
leaf_count=60574 21766 13120 5356 27139 7167 14726
internal_value=-0.000416742 -0.00169466 -0.00224136 -0.00189827 0.00269129 0.0035044
internal_weight=149848 106189 93069 87713 43659 36492
internal_count=149848 106189 93069 87713 43659 36492
is_linear=0
shrinkage=0.05


Tree=29
num_leaves=7
num_cat=0
split_feature=0 9 7 9 2 4
split_gain=207.656 117.449 67.0171 52.0783 44.2962 35.2158
threshold=90.500000000000014 34.500000000000007 1.0531739995000002 12.500000000000002 3.5000000000000004 0.67160636619410019
decision_type=2 2 2 2 2 10
left_child=1 2 4 -2 5 -1
right_child=3 -3 -4 -5 -6 -7
leaf_value=-0.0031886075439032328 -0.00074695479375013201 0.0010000568156823765 0.00019238086383353004 0.0055368421872129319 -0.0062628928849310485 -0.0012515598448754718
leaf_weight=13247 8697 28575 18187 27474 11753 42407
leaf_count=13247 8697 28575 18187 27474 11753 42407
internal_value=-0.000453623 -0.00149958 -0.00242614 0.00284754 -0.00315281 -0.00256338
internal_weight=150340 114169 85594 36171 67407 55654
internal_count=150340 114169 85594 36171 67407 55654
is_linear=0
shrinkage=0.05


Tree=30
num_leaves=7
num_cat=0
split_feature=0 7 0 9 3 8
split_gain=191.573 89.8662 57.1312 51.2915 50.2589 47.7335
threshold=56.500000000000007 1.0540195770000003 99.500000000000014 20.500000000000004 19.806329085500003 0.99602133200000009
decision_type=2 2 2 2 2 2
left_child=5 2 3 -2 -3 -1
right_child=1 4 -4 -5 -6 -7
leaf_value=-0.0033734063774961409 -0.003181577019885415 0.0032691079196178808 0.0047041137196461753 0.00034147280901032921 0.010306258047655205 -0.0011587743945602692
leaf_weight=12712 10754 13607 19975 31264 2905 58792
leaf_count=12712 10754 13607 19975 31264 2905 58792
internal_value=-0.000402379 0.00130286 0.000429651 -0.000616924 0.00458013 -0.00227454
internal_weight=150009 78505 61993 42018 16512 71504
internal_count=150009 78505 61993 42018 16512 71504
is_linear=0
shrinkage=0.05


Tree=31
num_leaves=7
num_cat=0
split_feature=1 7 5 7 4 1
split_gain=179.811 83.3046 65.1732 42.588 41.6365 38.4672
threshold=66.500000000000014 1.0540195770000003 14.500000000000002 1.1031508225000002 1.2547172586190338 12.500000000000002
decision_type=2 2 2 2 10 2
left_child=1 2 -1 -2 -3 -4
right_child=3 4 5 -5 -6 -7
leaf_value=-0.0014192810213956852 -0.0017419308466561506 0.0034675703323905713 0.01040324387760494 0.0025599005835092226 0.010632265597614732 0.00075937147046019338
leaf_weight=26599 63926 15542 9101 3548 1626 29300
leaf_count=26599 63926 15542 9101 3548 1626 29300
internal_value=-0.000390753 0.00117983 0.000361511 -0.00230331 0.00427706 0.0016791
internal_weight=149642 82168 65000 67474 17168 38401
internal_count=149642 82168 65000 67474 17168 38401
is_linear=0
shrinkage=0.05


Tree=32
num_leaves=7
num_cat=0
split_feature=4 0 9 7 9 9
split_gain=172.423 112.926 68.3472 69.1375 30.5999 28.3519
threshold=0.74629647103603058 101.50000000000001 41.500000000000007 1.0531739995000002 11.500000000000002 12.500000000000002
decision_type=10 2 2 2 2 2
left_child=-1 2 3 4 -2 -3
right_child=1 5 -4 -5 -6 -7
leaf_value=-0.0027244549948406862 -0.0028743821933295169 0.0018687647059324936 0.0019171853017814211 0.0012477608221248772 -0.00079240707780790516 0.0093339808237736365
leaf_weight=33747 12312 5752 20481 17059 45556 15059
leaf_count=33747 12312 5752 20481 17059 45556 15059
internal_value=-0.000351235 0.000562384 -0.000165596 -0.000865285 -0.00168991 0.00389904
internal_weight=149966 116219 95408 74927 57868 20811
internal_count=149966 116219 95408 74927 57868 20811
is_linear=0
shrinkage=0.05


Tree=33
num_leaves=7
num_cat=0
split_feature=3 4 0 3 8 0
split_gain=153.236 86.1283 66.3678 42.0659 33.1085 30.9833
threshold=5.8401219830000004 0.70434005039903458 104.50000000000001 23.730434978500003 0.99165079850000015 50.500000000000007
decision_type=2 10 2 2 2 2
left_child=1 -1 4 -2 -3 -6
right_child=3 2 -4 -5 5 -7
leaf_value=-0.0028840903026646548 0.0014057090391831617 -0.0022937950327091006 0.0065079199935073832 0.0060148886696311243 -0.001045820015151483 0.00052754901766536297
leaf_weight=26689 23763 19245 10541 8685 29731 31235
leaf_count=26689 23763 19245 10541 8685 29731 31235
internal_value=-0.000409706 -0.00125004 -0.000515663 0.0026315 -0.00100588 -0.000435043
internal_weight=149889 117441 90752 32448 80211 60966
internal_count=149889 117441 90752 32448 80211 60966
is_linear=0
shrinkage=0.05


Tree=34
num_leaves=7
num_cat=0
split_feature=0 2 0 7 7 9
split_gain=142.018 73.8855 74.7214 49.4605 42.1214 31.0628
threshold=86.500000000000014 4.5000000000000009 55.500000000000007 1.0224552510000002 1.1031508225000002 11.500000000000002
decision_type=2 2 2 2 2 2
left_child=1 2 4 5 -1 -2
right_child=3 -3 -4 -5 -6 -7
leaf_value=-0.0014529553568006616 -0.0034336654980428732 -0.0072049408980867482 0.0006940258695459445 0.0057748672443564963 0.0027574521141321973 0.0023065029014835009
leaf_weight=66038 6174 6131 33191 15371 3665 19830
leaf_count=66038 6174 6131 33191 15371 3665 19830
internal_value=-0.000403245 -0.00134974 -0.00103184 0.00209068 -0.00196158 0.000761275
internal_weight=150400 109025 102894 41375 69703 26004
internal_count=150400 109025 102894 41375 69703 26004
is_linear=0
shrinkage=0.05


Tree=35
num_leaves=7
num_cat=0
split_feature=9 0 0 2 7 3
split_gain=130.289 79.4065 46.6249 39.5425 34.488 33.0616
threshold=19.500000000000004 92.500000000000014 100.50000000000001 4.5000000000000009 1.0531739995000002 19.806329085500003
decision_type=2 2 2 2 2 2
left_child=2 3 4 5 -1 -2
right_child=1 -3 -4 -5 -6 -7
leaf_value=-0.0022826323851398824 6.2705757822872912e-05 0.0055683137680452967 0.0020304251182753363 -0.0046816829853284286 -0.00012607906084192156 0.0031514390128446535
leaf_weight=42620 56447 20553 9985 4047 11701 4494
leaf_count=42620 56447 20553 9985 4047 11701 4494
internal_value=-0.00032457 0.000953727 -0.00202493 9.69335e-05 -0.00260212 0.000414916
internal_weight=149847 85541 64306 64988 54321 60941
internal_count=149847 85541 64306 64988 54321 60941
is_linear=0
shrinkage=0.05


Tree=36
num_leaves=7
num_cat=0
split_feature=4 3 1 7 9 7
split_gain=126.153 82.0998 54.8441 44.4916 40.1382 35.2986
threshold=0.78779789955611268 19.806329085500003 13.500000000000002 1.0907277055000002 14.500000000000002 1.1056902775000002
decision_type=10 2 2 2 2 2
left_child=-1 2 -2 4 -4 -3
right_child=1 5 3 -5 -6 -7
leaf_value=-0.0020378919285363255 0.0075289918068124967 0.0037887645926950597 -0.0019754547472473462 0.0031298160537245158 -5.3030212218069254e-05 0.012816648945517997
leaf_weight=42438 10772 10413 18568 7100 59708 1134
leaf_count=42438 10772 10413 18568 7100 59708 1134
internal_value=-0.000368411 0.000541435 6.29206e-05 -0.000361322 -0.000705152 0.00452411
internal_weight=150133 107695 96148 85376 78276 11547
internal_count=150133 107695 96148 85376 78276 11547
is_linear=0
shrinkage=0.05


Tree=37
num_leaves=7
num_cat=0
split_feature=4 3 9 7 7 9
split_gain=117.295 79.0695 56.4121 33.6483 27.4204 24.9589
threshold=0.74629647103603058 19.806329085500003 12.500000000000002 1.0907277055000002 1.1056902775000002 43.500000000000007
decision_type=10 2 2 2 2 2
left_child=-1 2 -2 5 -3 -4
right_child=1 4 3 -5 -6 -7
leaf_value=-0.002175170568398921 -0.001805818062618625 0.0036819243062118593 -0.00013117508799316281 0.0035081562571847415 0.011782477536181363 0.0017609977149356999
leaf_weight=33634 22125 10465 59105 6590 1123 16960
leaf_count=33634 22125 10465 59105 6590 1123 16960
internal_value=-0.000322485 0.000429223 -4.29451e-06 0.000595965 0.00434745 0.000298902
internal_weight=150002 116368 104780 82655 11588 76065
internal_count=150002 116368 104780 82655 11588 76065
is_linear=0
shrinkage=0.05


Tree=38
num_leaves=7
num_cat=0
split_feature=4 0 8 7 0 2
split_gain=111.787 75.026 52.3489 45.3633 41.3825 42.938
threshold=0.74629647103603058 102.50000000000001 0.99602133200000009 1.1056902775000002 44.500000000000007 3.5000000000000004
decision_type=10 2 2 2 2 2
left_child=-1 2 -2 4 -4 -6
right_child=1 -3 3 -5 5 -7
leaf_value=-0.0021269630088026239 -0.0018310754603786924 0.0062252796464871002 -0.00085384570350262594 0.0038618310314081474 0.0013963637064446728 -0.0018842194494328559
leaf_weight=33566 21270 19668 28116 5221 32816 9360
leaf_count=33566 21270 19668 28116 5221 32816 9360
internal_value=-0.0003377 0.000395106 -0.000177062 0.000440127 0.000105979 0.00109647
internal_weight=150017 116451 96783 75513 70292 42176
internal_count=150017 116451 96783 75513 70292 42176
is_linear=0
shrinkage=0.05


Tree=39
num_leaves=7
num_cat=0
split_feature=4 0 8 7 2 0
split_gain=99.4081 76.0687 52.3721 44.0393 30.8064 41.5553
threshold=0.70008576382485732 101.50000000000001 0.99602133200000009 1.1056902775000002 4.5000000000000009 53.500000000000007
decision_type=10 2 2 2 2 2
left_child=-1 2 -2 4 5 -4
right_child=1 -3 3 -5 -6 -7
leaf_value=-0.0022621495352692618 -0.0018412193452133881 0.0055545472920845752 -0.00058172492686642263 0.0035590822267403178 -0.0049313808372207397 0.0011976283881405926
leaf_weight=26050 22806 21384 38043 5493 3215 33181
leaf_count=26050 22806 21384 38043 5493 3215 33181
internal_value=-0.00031929 0.000270086 -0.000294667 0.000308368 -1.05784e-05 0.000205675
internal_weight=150172 124122 102738 79932 74439 71224
internal_count=150172 124122 102738 79932 74439 71224
is_linear=0
shrinkage=0.05


Tree=40
num_leaves=7
num_cat=0
split_feature=3 9 1 7 4 3
split_gain=98.6751 53.6975 46.1601 34.3657 30.6781 24.8972
threshold=5.8401219830000004 14.500000000000002 13.500000000000002 0.98134478250000001 0.64343459852208518 40.630156640500012
decision_type=2 2 2 2 10 2
left_child=1 -1 -3 -2 -4 -5
right_child=3 2 4 5 -6 -7
leaf_value=-0.0017456402669461886 -0.00075168771289938494 0.0083024244110281344 -0.0027382727725802805 0.0022711175457451717 -0.00013377392784465759 0.014845706043611108
leaf_weight=40768 7836 6042 6616 22905 64138 1793
leaf_count=40768 7836 6042 6616 22905 64138 1793
internal_value=-0.000266317 -0.000940724 -0.000162107 0.00217047 -0.000520428 0.00308566
internal_weight=150098 117564 76796 32534 70754 24698
internal_count=150098 117564 76796 32534 70754 24698
is_linear=0
shrinkage=0.05


Tree=41
num_leaves=7
num_cat=0
split_feature=9 0 2 0 0 8
split_gain=87.0095 61.6935 36.326 30.4441 25.9246 22.4249
threshold=16.500000000000004 104.50000000000001 5.5000000000000009 71.500000000000014 113.50000000000001 0.99401569350000007
decision_type=2 2 2 2 2 2
left_child=4 2 3 -2 5 -1
right_child=1 -3 -4 -5 -6 -7
leaf_value=-0.0031945788030888211 -0.00024706249090170886 0.0081495250353284653 -0.0057438880422622518 0.0015801616819845932 0.0068838106861212169 -0.0010172023829661814
leaf_weight=15649 51776 11355 3267 29652 3120 34891
leaf_count=15649 51776 11355 3267 29652 3120 34891
internal_value=-0.000279698 0.000621259 0.000157172 0.000364717 -0.00189229 -0.0021654
internal_weight=149710 96050 84695 81428 53660 50540
internal_count=149710 96050 84695 81428 53660 50540
is_linear=0
shrinkage=0.05


Tree=42
num_leaves=7
num_cat=0
split_feature=3 4 7 7 1 6
split_gain=84.1606 48.457 40.56 28.6934 27.2905 21.7813
threshold=5.354152827500001 0.70434005039903458 1.0576598845000003 0.98134478250000001 7.5000000000000009 1.0000000180025095e-35
decision_type=2 10 2 2 2 2
left_child=1 5 4 -2 -3 -1
right_child=3 2 -4 -5 -6 -7
leaf_value=-0.0011461586144328685 -0.0006813799859194114 0.0080950086332044202 0.0013333294806896047 0.0024149377256875329 -0.000861826465889054 -0.0032665552771298486
leaf_weight=14871 8179 4090 16117 25519 69623 11810
leaf_count=14871 8179 4090 16117 25519 69623 11810
internal_value=-0.000318629 -0.000955126 -0.000399343 0.00188188 -0.000896152 -0.00282592
internal_weight=150209 116511 89830 33698 73713 26681
internal_count=150209 116511 89830 33698 73713 26681
is_linear=0
shrinkage=0.05


Tree=43
num_leaves=7
num_cat=0
split_feature=0 2 0 2 7 2
split_gain=75.2685 66.7503 44.0432 35.6026 30.4302 29.2917
threshold=98.500000000000014 5.5000000000000009 57.500000000000007 1.5000000000000002 1.1056902775000002 6.5000000000000009
decision_type=2 2 2 2 2 2
left_child=1 2 3 4 -1 -2
right_child=5 -3 -4 -5 -6 -7
leaf_value=-0.00057094839098225107 0.0049837538269762562 -0.0073463859668344011 0.00050081834384462236 -0.0021064702660268278 0.0029719864035269578 -0.0020213044745205355
leaf_weight=46230 20250 4649 46683 23871 2672 5841
leaf_count=46230 20250 4649 46683 23871 2672 5841
internal_value=-0.000307921 -0.000821147 -0.000592243 -0.00136116 -0.000588362 0.00213299
internal_weight=150196 124105 119456 72773 48902 26091
internal_count=150196 124105 119456 72773 48902 26091
is_linear=0
shrinkage=0.05


Tree=44
num_leaves=7
num_cat=0
split_feature=4 0 8 8 3 9
split_gain=73.2859 54.0874 42.4957 35.1223 33.9757 25.0775
threshold=0.71689719564218446 105.50000000000001 0.99165079850000015 0.98000216300000009 19.806329085500003 11.500000000000002
decision_type=10 2 2 2 2 2
left_child=-1 2 3 -2 -4 -3
right_child=1 5 4 -5 -6 -7
leaf_value=-0.0017879245859644566 -0.0012093011939806387 -0.00056170224162451767 3.348126145225616e-05 -0.007095597042189445 0.0029479018219434831 0.0085629191691649793
leaf_weight=28432 21528 4534 74892 1944 6491 11906
leaf_count=28432 21528 4534 74892 1944 6491 11906
internal_value=-0.000307132 0.000228462 -0.000189658 -0.00206372 0.000350942 0.0028945
internal_weight=149727 121295 104855 23472 81383 16440
internal_count=149727 121295 104855 23472 81383 16440
is_linear=0
shrinkage=0.05


Tree=45
num_leaves=7
num_cat=0
split_feature=9 0 7 9 3 7
split_gain=74.2489 54.591 34.6297 28.8473 26.967 25.7008
threshold=14.500000000000002 110.50000000000001 0.9823640050000001 52.500000000000007 5.354152827500001 1.0531739995000002
decision_type=2 2 2 2 2 2
left_child=5 2 3 -2 -4 -1
right_child=1 -3 4 -5 -6 -7
leaf_value=-0.0018131055436839127 -0.0014125728454546572 0.011892377148992057 0.00013649894558154796 0.0035125546638989148 0.0018725025358899195 0.00025604713376324584
leaf_weight=37145 26614 6815 48162 3319 18437 9576
leaf_count=37145 26614 6815 48162 3319 18437 9576
internal_value=-0.000274533 0.000473261 0.000167811 -0.00124466 0.000802692 -0.00192853
internal_weight=150068 103347 96532 29933 66599 46721
internal_count=150068 103347 96532 29933 66599 46721
is_linear=0
shrinkage=0.05


Tree=46
num_leaves=7
num_cat=0
split_feature=9 7 0 2 3 7
split_gain=64.7897 61.5463 34.4667 34.2461 28.485 21.4742
threshold=35.500000000000007 1.0531739995000002 113.50000000000001 7.5000000000000009 18.504407008500003 1.0907277055000002
decision_type=2 2 2 2 2 2
left_child=1 2 3 -1 -3 -2
right_child=5 4 -4 -5 -6 -7
leaf_value=-0.0011031119756803266 0.00096439936404764122 0.00060361280961395152 0.0074387680496715795 -0.016267214139738619 0.0072525412043395188 0.0042626611660562252
leaf_weight=80698 36638 21001 4608 2039 1836 3368
leaf_count=80698 36638 21001 4608 2039 1836 3368
internal_value=-0.000234365 -0.000860129 -0.00146437 -0.0016988 0.00145073 0.00148897
internal_weight=150188 110182 87345 82737 22837 40006
internal_count=150188 110182 87345 82737 22837 40006
is_linear=0
shrinkage=0.05


Tree=47
num_leaves=7
num_cat=0
split_feature=0 2 2 0 2 0
split_gain=62.0445 65.9659 36.012 32.4606 31.2397 26.3107
threshold=83.500000000000014 4.5000000000000009 7.5000000000000009 55.500000000000007 1.5000000000000002 110.50000000000001
decision_type=2 2 2 2 2 2
left_child=1 3 -2 4 -1 -4
right_child=2 -3 5 -5 -6 -7
leaf_value=-0.00030798326084106046 0.0022188786786795089 -0.0061554966631408642 -0.015228624616686849 0.00055825900255794818 -0.0019136934875234714 0.0016167200600669342
leaf_weight=47967 41751 5128 1580 30577 21506 1831
leaf_count=47967 41751 5128 1580 30577 21506 1831
internal_value=-0.000225481 -0.000891066 0.00132453 -0.000607416 -0.00120488 -0.00361168
internal_weight=150340 105178 45162 100050 69473 3411
internal_count=150340 105178 45162 100050 69473 3411
is_linear=0
shrinkage=0.05


Tree=48
num_leaves=7
num_cat=0
split_feature=4 3 0 2 8 8
split_gain=57.6843 38.7691 27.9983 32.5825 24.3769 30.1782
threshold=0.69194459782862283 23.730434978500003 97.500000000000014 4.5000000000000009 0.99165079850000015 0.98000216300000009
decision_type=10 2 2 2 2 2
left_child=-1 2 3 4 5 -2
right_child=1 -3 -4 -5 -6 -7
leaf_value=-0.0016476925464391835 -0.00092391301491917543 0.0036339372011209904 0.0027552238945754456 -0.0036865220306749437 0.00013517607000945731 -0.0069312031748079376
leaf_weight=24929 13589 8674 21890 7921 71393 1456
leaf_count=24929 13589 8674 21890 7921 71393 1456
internal_value=-0.000277264 0.000160993 -7.96747e-05 -0.00045343 -0.000172079 -0.00200083
internal_weight=149852 124923 116249 94359 86438 15045
internal_count=149852 124923 116249 94359 86438 15045
is_linear=0
shrinkage=0.05


Tree=49
num_leaves=7
num_cat=0
split_feature=9 1 4 7 2 4
split_gain=61.7298 49.0587 31.6482 25.3571 45.146 27.6465
threshold=12.500000000000002 11.500000000000002 0.63726644315453129 0.97879829650000005 1.0000000180025095e-35 1.0580971773609178
decision_type=2 2 10 2 2 10
left_child=-1 -2 -3 4 5 -4
right_child=1 2 3 -5 -6 -7
leaf_value=-0.001419711714223096 0.0091990053505728205 -0.0020335429946797437 0.0035192683378450912 0.00059028116081287778 -0.0015086127010171841 -0.00023288027241109011
leaf_weight=39516 9217 7387 1716 67478 22998 1482
leaf_count=39516 9217 7387 1716 67478 22998 1482
internal_value=-0.000228807 0.000378798 6.02329e-05 0.000308767 -0.00101141 0.00455042
internal_weight=149794 110278 101061 93674 26196 3198
internal_count=149794 110278 101061 93674 26196 3198
is_linear=0
shrinkage=0.05


Tree=50
num_leaves=7
num_cat=0
split_feature=9 7 0 0 7 8
split_gain=47.7105 48.5299 29.0897 23.3067 22.9749 23.4302
threshold=41.500000000000007 1.0531739995000002 113.50000000000001 102.50000000000001 0.97879829650000005 1.2539781225000002
decision_type=2 2 2 2 2 2
left_child=1 2 4 -3 5 -1
right_child=-2 3 -4 -5 -6 -7
leaf_value=-0.0021046872856697292 0.001543151147615865 0.00050366308268313682 0.0075241233153497877 0.011215566764740122 -0.00054796576473125085 0.0012301479757421741
leaf_weight=30990 27820 22933 4938 2719 58289 2571
leaf_count=30990 27820 22933 4938 2719 58289 2571
internal_value=-0.000204971 -0.00062967 -0.00114213 0.00130374 -0.00134315 -0.00238523
internal_weight=150260 122440 96788 25652 91850 33561
internal_count=150260 122440 96788 25652 91850 33561
is_linear=0
shrinkage=0.05


Tree=51
num_leaves=7
num_cat=0
split_feature=9 0 2 7 2 0
split_gain=49.8814 42.4394 38.7235 19.7869 16.7878 15.3614
threshold=13.500000000000002 88.500000000000014 4.5000000000000009 1.0531739995000002 7.5000000000000009 52.500000000000007
decision_type=2 2 2 2 2 2
left_child=3 2 5 -1 -3 -2
right_child=1 4 -4 -5 -6 -7
leaf_value=-0.0015866110733717021 -0.0004348782486800873 0.0029872574393552623 -0.0046881505309637698 0.00026743897930964211 -0.00735049076486424 0.00055610950700291095
leaf_weight=34331 38260 27418 4491 8906 1378 35289
leaf_count=34331 38260 27418 4491 8906 1378 35289
internal_value=-0.000260281 0.000319634 -0.000285733 -0.00169309 0.00196 -1.03665e-05
internal_weight=150073 106836 78040 43237 28796 73549
internal_count=150073 106836 78040 43237 28796 73549
is_linear=0
shrinkage=0.05


Tree=52
num_leaves=7
num_cat=0
split_feature=3 9 0 4 7 7
split_gain=46.3678 37.943 32.1864 21.9396 21.1675 16.7439
threshold=19.806329085500003 10.500000000000002 109.50000000000001 0.68179868191031512 1.1056902775000002 0.9823640050000001
decision_type=2 2 2 10 2 2
left_child=1 -1 3 -3 -2 -5
right_child=4 2 -4 5 -6 -7
leaf_value=-0.0014295197873287703 0.0022917036292181394 -0.0015715108696863378 0.0080497721274201735 -0.00079765492242364622 0.0094097413680758191 0.00033319873406335024
leaf_weight=30852 10483 12296 6609 27470 1126 60995
leaf_count=30852 10483 12296 6609 27470 1126 60995
internal_value=-0.0002285 -0.000483444 -3.93481e-05 -0.000261125 0.00280588 1.39878e-05
internal_weight=149831 138222 107370 100761 11609 88465
internal_count=149831 138222 107370 100761 11609 88465
is_linear=0
shrinkage=0.05


Tree=53
num_leaves=7
num_cat=0
split_feature=9 7 0 2 7 9
split_gain=47.3319 39.257 20.2606 33.6232 16.8472 15.8286
threshold=35.500000000000007 1.0531739995000002 113.50000000000001 7.5000000000000009 1.0907277055000002 8.5000000000000018
decision_type=2 2 2 2 2 2
left_child=1 2 3 5 -2 -1
right_child=4 -3 -4 -5 -6 -7
leaf_value=-0.0016166466032760786 0.00082203396573480312 0.0007417741683090729 0.0057460642293559079 -0.01562188559494663 0.0038096845301264729 -0.00062812122557231456
leaf_weight=17534 36698 22825 4581 2020 3419 63200
leaf_count=17534 36698 22825 4581 2020 3419 63200
internal_value=-0.000192056 -0.000727545 -0.00121007 -0.00138927 0.00127829 -0.00122958
internal_weight=150277 110160 87335 82754 40117 80734
internal_count=150277 110160 87335 82754 40117 80734
is_linear=0
shrinkage=0.05


Tree=54
num_leaves=7
num_cat=0
split_feature=3 6 7 7 4 3
split_gain=42.6287 26.4919 24.0313 22.3093 19.7327 16.1342
threshold=5.1267810770000013 1.0000000180025095e-35 0.97350760600000019 0.98134478250000001 0.78241986758147231 40.630156640500012
decision_type=2 2 2 2 10 2
left_child=1 -1 -3 -2 -4 -5
right_child=3 2 4 5 -6 -7
leaf_value=5.1767788997603153e-05 -0.0007656718998099943 -0.0026044675104864219 -0.0017074269209985228 0.0015393716492146327 8.5288282586215577e-05 0.011354776276191803
leaf_weight=63527 8336 15520 12942 24087 23657 1773
leaf_count=63527 8336 15520 12942 24087 23657 1773
internal_value=-0.000158996 -0.000617591 -0.00145303 0.00139177 -0.000753674 0.00211676
internal_weight=149842 115646 52119 34196 36599 25860
internal_count=149842 115646 52119 34196 36599 25860
is_linear=0
shrinkage=0.05


Tree=55
num_leaves=7
num_cat=0
split_feature=4 3 7 8 8 7
split_gain=35.4723 25.1969 21.6318 18.9898 22.7535 20.2703
threshold=0.82168060807175092 33.856397860500003 1.0061374360000002 1.0273347475000001 1.0321013790000002 1.1056902775000002
decision_type=10 2 2 2 2 2
left_child=2 3 -1 -2 -5 -6
right_child=1 -3 -4 4 5 -7
leaf_value=-0.0016046760175305735 -0.000765786691452336 0.0056491605044401904 -0.00011160631295105972 0.0070414477232435746 0.0001951695410063681 0.0029537200001991089
leaf_weight=27418 31914 4074 23242 1176 57780 4628
leaf_count=27418 31914 4074 23242 1176 57780 4628
internal_value=-0.000222648 0.000325376 -0.00129971 0.00016099 0.000660492 0.000530338
internal_weight=150232 99572 50660 95498 63584 62408
internal_count=150232 99572 50660 95498 63584 62408
is_linear=0
shrinkage=0.05


Tree=56
num_leaves=7
num_cat=0
split_feature=0 2 2 0 7 8
split_gain=34.6138 49.2385 33.5505 28.8535 25.4059 15.8933
threshold=76.500000000000014 4.5000000000000009 6.5000000000000009 111.50000000000001 1.0564700310000001 0.99165079850000015
decision_type=2 2 2 2 2 2
left_child=1 5 4 -4 -2 -1
right_child=2 -3 3 -5 -6 -7
leaf_value=-0.0011865820405889405 0.00090364353949360385 -0.0061607459935057451 -0.0078630398948548296 0.0033403209939915192 0.0041363648687797521 -0.00013876772937908288
leaf_weight=16114 36118 3348 4229 3177 10275 76938
leaf_count=16114 36118 3348 4229 3177 10275 76938
internal_value=-0.000175678 -0.0007427 0.000840319 -0.00228377 0.00133923 -0.000528171
internal_weight=150199 96400 53799 7406 46393 93052
internal_count=150199 96400 53799 7406 46393 93052
is_linear=0
shrinkage=0.05


Tree=57
num_leaves=7
num_cat=0
split_feature=9 0 4 3 8 8
split_gain=39.7534 35.7879 24.9675 18.6913 17.9408 22.1506
threshold=11.500000000000002 110.50000000000001 0.63726644315453129 40.630156640500012 1.0611425975000002 1.0907032890000001
decision_type=2 2 10 2 2 2
left_child=-1 2 -2 4 -4 -6
right_child=1 -3 3 -5 5 -7
leaf_value=-0.0011447797047308861 -0.0016077522981979286 0.0093679467732603553 -0.00052640091736301249 0.0078961606848260701 0.0022726271674950449 0.00028336505883228837
leaf_weight=35886 8073 7584 36767 1293 7105 53282
leaf_count=35886 8073 7584 36767 1293 7105 53282
internal_value=-0.000130504 0.000326004 8.96503e-05 0.000308907 0.000229263 0.000759413
internal_weight=149990 114104 106520 98447 97154 60387
internal_count=149990 114104 106520 98447 97154 60387
is_linear=0
shrinkage=0.05


Tree=58
num_leaves=7
num_cat=0
split_feature=0 2 2 0 2 7
split_gain=38.7609 53.5645 27.9723 20.9376 26.591 18.6269
threshold=94.500000000000014 4.5000000000000009 8.5000000000000018 52.500000000000007 1.5000000000000002 1.0224552510000002
decision_type=2 2 2 2 2 2
left_child=1 3 5 4 -1 -2
right_child=2 -3 -4 -5 -6 -7
leaf_value=-0.0001037190876634897 0.0012115897643092623 -0.0043495280593146618 -0.019673313955948152 0.00045082679373830152 -0.0017455746045787147 0.0049662066417771435
leaf_weight=46823 19033 9358 1058 43557 19112 11079
leaf_count=46823 19033 9358 1058 43557 19112 11079
internal_value=-0.00015864 -0.000570233 0.00141059 -0.000259824 -0.00082177 0.00169174
internal_weight=150020 118850 31170 109492 65935 30112
internal_count=150020 118850 31170 109492 65935 30112
is_linear=0
shrinkage=0.05


Tree=59
num_leaves=7
num_cat=0
split_feature=9 0 7 8 7 7
split_gain=29.7398 32.0733 19.6964 24.9686 31.0658 18.533
threshold=11.500000000000002 111.50000000000001 0.9823640050000001 1.2539781225000002 0.9689899675000001 0.92050753900000015
decision_type=2 2 2 2 2 2
left_child=-1 2 3 5 -5 -2
right_child=1 -3 -4 4 -6 -7
leaf_value=-0.0010202710260510896 0.00097010331988505176 0.0096917633390822908 0.00035618536520656276 0.0038790249162680202 -0.0021031292655160519 -0.0014650687206761493
leaf_weight=35773 4481 6742 74172 1950 1378 25599
leaf_count=35773 4481 6742 74172 1950 1378 25599
internal_value=-0.000162142 0.000231573 2.18432e-05 -0.000986143 0.00312031 -0.00144092
internal_weight=150095 114322 107580 33408 3328 30080
internal_count=150095 114322 107580 33408 3328 30080
is_linear=0
shrinkage=0.05


Tree=60
num_leaves=7
num_cat=0
split_feature=9 3 6 0 3 8
split_gain=29.5439 29.3973 18.9685 11.6491 15.0773 12.9371
threshold=41.500000000000007 22.878424782500002 1.5000000000000002 92.500000000000014 -18.035382482499994 0.99602133200000009
decision_type=2 2 2 2 2 2
left_child=1 2 3 4 -1 -6
right_child=-2 -3 -4 -5 5 -7
leaf_value=-0.0015863034384310582 0.0011869509728699491 0.0034349040304524239 -0.0026387999192283573 0.0012334990622575592 -0.0010401375945014114 -4.9241580970482705e-05
leaf_weight=13359 27757 5269 14019 15311 13791 60497
leaf_count=13359 27757 5269 14019 15311 13791 60497
internal_value=-0.000181574 -0.000515947 -0.000680553 -0.000445548 -0.00066784 -0.000389673
internal_weight=150003 122246 116977 102958 87647 74288
internal_count=150003 122246 116977 102958 87647 74288
is_linear=0
shrinkage=0.05


Tree=61
num_leaves=7
num_cat=0
split_feature=0 2 0 0 2 2
split_gain=30.1555 41.754 29.021 23.5751 22.8497 18.6299
threshold=113.50000000000001 5.5000000000000009 61.500000000000007 82.500000000000014 3.5000000000000004 7.5000000000000009
decision_type=2 2 2 2 2 2
left_child=1 2 4 -3 -1 -5
right_child=-2 3 -4 5 -6 -7
leaf_value=-0.0003054161747412354 0.0088287859484982075 -0.0097844364649270002 0.00076072635472841383 -0.0016481283984490032 -0.0041889886760814064 -0.012736149483806353
leaf_weight=73370 7227 1635 54259 7410 3934 2100
leaf_count=73370 7227 1635 54259 7410 3934 2100
internal_value=-0.000168317 -0.000327931 -7.89516e-05 -0.0032657 -0.000701083 -0.00230951
internal_weight=149935 142708 131563 11145 77304 9510
internal_count=149935 142708 131563 11145 77304 9510
is_linear=0
shrinkage=0.05


Tree=62
num_leaves=7
num_cat=0
split_feature=0 2 7 2 8 9
split_gain=27.8541 36.7737 21.087 47.1843 28.5691 23.8928
threshold=113.50000000000001 7.5000000000000009 0.97879829650000005 1.0000000180025095e-35 1.2454544710000002 53.500000000000007
decision_type=2 2 2 2 2 2
left_child=1 2 3 4 -1 -5
right_child=-2 -3 -4 5 -6 -7
leaf_value=0.00052115243387627073 0.0084788588750483677 -0.012488190728787095 0.00011055866463723363 -0.0017691837159566931 0.0058081427624537829 0.0031781575858515379
leaf_weight=5013 7296 2282 100735 31014 1497 2361
leaf_count=5013 7296 2282 100735 31014 1497 2361
internal_value=-0.00017027 -0.000324162 -0.000221867 -0.00119485 0.00269762 -0.00195439
internal_weight=150198 142902 140620 39885 6510 33375
internal_count=150198 142902 140620 39885 6510 33375
is_linear=0
shrinkage=0.05


Tree=63
num_leaves=7
num_cat=0
split_feature=0 2 0 2 4 7
split_gain=25.5052 32.9566 25.9495 23.3624 21.6022 13.1274
threshold=113.50000000000001 5.5000000000000009 57.500000000000007 3.5000000000000004 0.65559046332217152 1.0540195770000003
decision_type=2 2 2 2 10 2
left_child=1 2 3 -1 -3 -4
right_child=-2 4 5 -5 -6 -7
leaf_value=-0.00030622071939728768 0.0080861753795289423 -0.010570184044450266 0.00024771411208264206 -0.0049612380767664783 -0.0027095814235334557 0.0019441490626942782
leaf_weight=69552 7230 1868 45171 3112 9240 13888
leaf_count=69552 7230 1868 45171 3112 9240 13888
internal_value=-0.000163012 -0.000309708 -8.91041e-05 -0.000721766 -0.0029245 0.000689295
internal_weight=150061 142831 131723 72664 11108 59059
internal_count=150061 142831 131723 72664 11108 59059
is_linear=0
shrinkage=0.05


Tree=64
num_leaves=7
num_cat=0
split_feature=7 2 0 2 0 2
split_gain=25.3577 24.007 23.7605 21.8641 22.9975 21.5274
threshold=1.1056902775000002 8.5000000000000018 112.50000000000001 5.5000000000000009 70.500000000000014 3.5000000000000004
decision_type=2 2 2 2 2 2
left_child=1 2 3 4 5 -1
right_child=-2 -3 -4 -5 -6 -7
leaf_value=-0.0002677458975110819 0.0022395015807162746 -0.020749104586047819 0.0069942265187334825 -0.0036535153663726535 0.00078408728601617747 -0.0030849906326689742
leaf_weight=77946 8082 1207 7573 9434 39967 5982
leaf_count=77946 8082 1207 7573 9434 39967 5982
internal_value=-0.000129747 -0.000284719 -0.000224439 -0.000379217 -0.000202482 -0.00067256
internal_weight=150191 142109 140902 133329 123895 83928
internal_count=150191 142109 140902 133329 123895 83928
is_linear=0
shrinkage=0.05


Tree=65
num_leaves=7
num_cat=0
split_feature=9 0 7 7 8 8
split_gain=26.5424 19.8542 15.2282 26.1675 34.0331 20.0971
threshold=12.500000000000002 112.50000000000001 0.97879829650000005 0.96600496150000004 1.2606714735000002 1.0111235215000003
decision_type=2 2 2 2 2 2
left_child=-1 2 3 4 -2 -5
right_child=1 -3 -4 5 -6 -7
leaf_value=-0.00092327323824811791 -0.00041678926019832755 0.0097249434071673222 0.00032584152583723936 -0.005193956315927107 0.0040057441087890553 -0.001268186307302366
leaf_weight=39959 20934 5532 74876 2549 1581 4925
leaf_count=39959 20934 5532 74876 2549 1581 4925
internal_value=-0.000184223 0.000215463 6.13855e-05 -0.000890595 -3.94094e-05 -0.003453
internal_weight=150356 110397 104865 29989 22515 7474
internal_count=150356 110397 104865 29989 22515 7474
is_linear=0
shrinkage=0.05


Tree=66
num_leaves=7
num_cat=0
split_feature=3 6 1 2 7 8
split_gain=25.771 21.5645 16.2004 31.9872 14.5426 13.4343
threshold=33.856397860500003 1.5000000000000002 26.500000000000004 4.5000000000000009 1.0224552510000002 0.99165079850000015
decision_type=2 2 2 2 2 2
left_child=1 2 4 5 -1 -4
right_child=-2 -3 3 -5 -6 -7
leaf_value=0.00027444258602363214 0.0049071346456700284 -0.0023233641066963129 -0.00083208743365504885 -0.0039905389555447649 0.0042306028821551406 0.00010076215070426165
leaf_weight=14470 4088 15065 17684 6509 8900 83180
leaf_count=14470 4088 15065 17684 6509 8900 83180
internal_value=-0.000150433 -0.000260265 -5.38249e-05 -0.000313495 0.00113904 -9.41816e-05
internal_weight=149896 145808 130743 107373 23370 100864
internal_count=149896 145808 130743 107373 23370 100864
is_linear=0
shrinkage=0.05


Tree=67
num_leaves=7
num_cat=0
split_feature=9 0 2 4 3 7
split_gain=23.5299 21.0918 22.8312 12.5063 11.6776 11.6079
threshold=12.500000000000002 110.50000000000001 6.5000000000000009 0.61814530738133444 -9.1602666584999977 0.97879829650000005
decision_type=2 2 2 10 2 2
left_child=4 2 3 -2 -1 -5
right_child=1 -3 -4 5 -6 -7
leaf_value=-0.0023135905640425725 -0.001182939223241436 0.0067806493542921899 -0.0057492013050664372 -0.0004570913458801229 -0.0004302490052960628 0.00044445850528082034
leaf_weight=11130 5838 7347 2379 26411 28400 68585
leaf_count=11130 5838 7347 2379 26411 28400 68585
internal_value=-0.000151404 0.000222946 3.86318e-05 0.000152967 -0.00119831 0.00029105
internal_weight=150090 110560 103213 100834 39530 94996
internal_count=150090 110560 103213 100834 39530 94996
is_linear=0
shrinkage=0.05


Tree=68
num_leaves=7
num_cat=0
split_feature=3 6 9 0 3 0
split_gain=20.308 20.3692 13.8533 12.7552 11.6986 10.567
threshold=22.878424782500002 1.0000000180025095e-35 6.5000000000000009 73.500000000000014 -38.838816215499996 97.500000000000014
decision_type=2 2 2 2 2 2
left_child=1 3 -3 -1 -4 -6
right_child=-2 2 4 -5 5 -7
leaf_value=-7.90336119086188e-05 0.002375762273216989 -0.0024886142066494312 -0.0055546951301673649 0.0014665620033415289 -0.00062854722311447289 0.0017267189672901307
leaf_weight=56527 9308 9599 2118 22170 39789 10777
leaf_count=56527 9308 9599 2118 22170 39789 10777
internal_value=-0.000108455 -0.000257829 -0.000933366 0.000276835 -0.000614929 -0.000462221
internal_weight=150288 140980 62283 78697 52684 50566
internal_count=150288 140980 62283 78697 52684 50566
is_linear=0
shrinkage=0.05


Tree=69
num_leaves=7
num_cat=0
split_feature=3 2 1 6 7 2
split_gain=20.1115 19.6876 18.7369 19.5047 14.272 33.7352
threshold=48.699253667000008 8.5000000000000018 6.5000000000000009 1.5000000000000002 0.97879829650000005 1.0000000180025095e-35
decision_type=2 2 2 2 2 2
left_child=1 2 -1 4 5 -4
right_child=-2 -3 3 -5 -6 -7
leaf_value=0.0077160114440836597 0.011709809851495744 -0.018336050295947662 0.0013236322238599054 -0.0020753055883119876 0.00019163427571415316 -0.0012223751410538608
leaf_weight=6409 1152 1182 6421 12738 92280 29635
leaf_count=6409 1152 1182 6421 12738 92280 29635
internal_value=-0.000127568 -0.000178668 -0.000127044 -0.000247202 -6.19444e-05 -0.00090541
internal_weight=149817 148665 147483 141074 128336 36056
internal_count=149817 148665 147483 141074 128336 36056
is_linear=0
shrinkage=0.05


Tree=70
num_leaves=7
num_cat=0
split_feature=7 9 7 0 2 3
split_gain=23.9519 22.4389 17.1914 18.4362 16.2335 13.5089
threshold=1.0531739995000002 51.500000000000007 1.0546164800000002 106.50000000000001 8.5000000000000018 -2.4716443414999998
decision_type=2 2 2 2 2 2
left_child=1 4 -2 -4 5 -1
right_child=2 -3 3 -5 -6 -7
leaf_value=-0.00075442112259094815 0.0034571059145212303 0.0020054174046412188 0.00035046279657459378 0.010097670090873874 -0.018195611758666668 6.3168731607879397e-05
leaf_weight=64054 1131 10298 27814 2787 1222 42552
leaf_count=64054 1131 10298 27814 2787 1222 42552
internal_value=-0.000118275 -0.000445903 0.00110124 0.000876871 -0.000658889 -0.000593044
internal_weight=149858 118126 31732 30601 107828 106606
internal_count=149858 118126 31732 30601 107828 106606
is_linear=0
shrinkage=0.05


Tree=71
num_leaves=7
num_cat=0
split_feature=2 0 2 7 0 2
split_gain=19.6535 18.3943 33.2598 18.9322 17.2193 16.9572
threshold=8.5000000000000018 92.500000000000014 3.5000000000000004 1.0025397160000002 45.500000000000007 1.5000000000000002
decision_type=2 2 2 2 2 2
left_child=1 2 4 -4 5 -1
right_child=-2 -3 3 -5 -6 -7
leaf_value=-3.2622770862880683e-05 -0.018319645977817847 0.0016331385999847183 -0.003341256414394356 -0.00060770440182517094 0.00056289828038583731 -0.0014758579754758001
leaf_weight=43690 1219 32509 9487 10077 40278 12776
leaf_count=43690 1219 32509 9487 10077 40278 12776
internal_value=-9.33078e-05 -4.14085e-05 -0.000335302 -0.00221524 4.49617e-05 -0.000518408
internal_weight=150036 148817 116308 19564 96744 56466
internal_count=150036 148817 116308 19564 96744 56466
is_linear=0
shrinkage=0.05


Tree=72
num_leaves=7
num_cat=0
split_feature=7 9 0 3 8 4
split_gain=18.0356 15.9336 14.9271 12.8168 10.8583 11.5271
threshold=1.1056902775000002 9.5000000000000018 109.50000000000001 -42.146483788499999 1.0626681610000002 0.78779789955611268
decision_type=2 2 2 2 2 8
left_child=1 -1 3 -3 -2 -6
right_child=4 2 -4 -5 5 -7
leaf_value=-0.00089366956517448473 -0.0025341306854044262 -0.0049727890273768092 0.0050351545507905911 -4.3491622055838454e-05 -0.00063263919000727256 0.0032924155166391025
leaf_weight=27232 1486 2024 8662 104058 1492 5131
leaf_count=27232 1486 2024 8662 104058 1492 5131
internal_value=-9.43601e-05 -0.000225382 3.268e-05 -0.000130318 0.00219836 0.00306465
internal_weight=150085 141976 114744 106082 8109 6623
internal_count=150085 141976 114744 106082 8109 6623
is_linear=0
shrinkage=0.05


Tree=73
num_leaves=7
num_cat=0
split_feature=6 7 7 0 7 4
split_gain=17.548 19.0511 17.0322 14.1321 18.0117 15.6174
threshold=1.0000000180025095e-35 0.98581728700000004 1.1056902775000002 73.500000000000014 1.0245535370000003 0.83528847523143146
decision_type=2 2 2 2 2 8
left_child=2 -2 3 4 -1 -6
right_child=1 -3 -4 -5 5 -7
leaf_value=0.00027798810520232033 -0.0015942891660651549 -2.9478950600936307e-05 0.0025218676201147015 0.001516952452722073 0.00023822477570864531 -0.0013818833356791572
leaf_weight=35305 24372 42585 4562 23624 6855 12687
leaf_count=35305 24372 42585 4562 23624 6855 12687
internal_value=-6.55022e-05 -0.000667729 0.000420139 0.000247369 -0.000193019 -0.0014107
internal_weight=149990 66957 83033 78471 54847 19542
internal_count=149990 66957 83033 78471 54847 19542
is_linear=0
shrinkage=0.05


Tree=74
num_leaves=7
num_cat=0
split_feature=6 7 0 8 4 8
split_gain=14.3046 13.2333 11.4692 11.1831 14.2897 10.0679
threshold=1.5000000000000002 1.1056902775000002 96.500000000000014 1.4517367140000002 1.1129047763206155 1.2696516505000004
decision_type=2 2 2 2 8 2
left_child=1 2 -1 4 5 -3
right_child=-2 3 -4 -5 -6 -7
leaf_value=-0.00016611551503291079 -0.0016919516492826248 0.0014377060387250314 0.001895376495926482 0.0050598967338011175 0.0045122088248391815 -0.0031422765257208608
leaf_weight=106103 15723 3248 20685 1053 1810 1443
leaf_count=106103 15723 3248 20685 1053 1810 1443
internal_value=-7.93796e-05 8.76462e-05 -3.35192e-05 0.00211999 0.00134299 -0.000114459
internal_weight=150065 134342 126788 7554 6501 4691
internal_count=150065 134342 126788 7554 6501 4691
is_linear=0
shrinkage=0.05


Tree=75
num_leaves=7
num_cat=0
split_feature=3 6 7 3 7 7
split_gain=17.2575 15.0261 17.1341 11.4762 10.696 10.8373
threshold=33.856397860500003 1.0000000180025095e-35 0.98627546150000012 -36.352825638499993 0.92050753900000015 1.1056902775000002
decision_type=2 2 2 2 2 2
left_child=1 4 -3 -4 -1 -6
right_child=-2 2 3 -5 5 -7
leaf_value=0.0019591859721730664 0.004139287308240658 -0.0016639593818392252 -0.0046133970399550948 2.9228313408458106e-05 -1.7627032270151056e-06 0.0019670223574874582
leaf_weight=3483 4085 24018 1592 39171 73405 4289
leaf_count=3483 4085 24018 1592 39171 73405 4289
internal_value=-0.000101218 -0.000190973 -0.000758845 -0.000134603 0.000262219 0.000140607
internal_weight=150043 145958 64781 40763 81177 77694
internal_count=150043 145958 64781 40763 81177 77694
is_linear=0
shrinkage=0.05


Tree=76
num_leaves=7
num_cat=0
split_feature=2 0 2 0 0 2
split_gain=18.3788 21.5423 28.5026 16.6117 12.0227 21.102
threshold=7.5000000000000009 88.500000000000014 4.5000000000000009 109.50000000000001 45.500000000000007 1.5000000000000002
decision_type=2 2 2 2 2 2
left_child=1 2 4 -2 5 -1
right_child=3 -3 -4 -5 -6 -7
leaf_value=-4.0013239575337201e-05 -0.012723985174887273 0.0016070323631489859 -0.0033394254910510458 -0.001184565083761191 0.00034368794360266634 -0.0016255267090111937
leaf_weight=43718 1695 35369 6488 1909 47096 13855
leaf_count=43718 1695 35369 6488 1909 47096 13855
internal_value=-4.94555e-05 3.73641e-05 -0.000304623 -0.0035744 -0.000105208 -0.000589852
internal_weight=150130 146526 111157 3604 104669 57573
internal_count=150130 146526 111157 3604 104669 57573
is_linear=0
shrinkage=0.05


Tree=77
num_leaves=7
num_cat=0
split_feature=2 0 0 2 7 8
split_gain=14.0671 18.7685 17.4321 21.8766 13.2149 13.0519
threshold=6.5000000000000009 107.50000000000001 45.500000000000007 1.5000000000000002 1.0540195770000003 1.1642944120000001
decision_type=2 2 2 2 2 2
left_child=2 -2 3 -1 -4 -6
right_child=1 -3 4 -5 5 -7
leaf_value=-7.9175130775543945e-05 -0.0064213900062301682 3.6691977971803351e-05 9.7533088867790557e-05 -0.0017362645426248408 0.0030027838359679149 0.00028912326044193415
leaf_weight=43527 3490 4249 65959 14044 8901 9896
leaf_count=43527 3490 4249 65959 14044 8901 9896
internal_value=-0.000124774 -0.00220009 -1.18561e-05 -0.000683227 0.00044419 0.00161353
internal_weight=150066 7739 142327 57571 84756 18797
internal_count=150066 7739 142327 57571 84756 18797
is_linear=0
shrinkage=0.05


Tree=78
num_leaves=7
num_cat=0
split_feature=2 0 2 0 0 2
split_gain=17.7677 14.6762 16.6741 16.1663 11.9592 14.8229
threshold=8.5000000000000018 113.50000000000001 5.5000000000000009 84.500000000000014 63.500000000000007 3.5000000000000004
decision_type=2 2 2 2 2 2
left_child=1 2 4 -4 5 -1
right_child=-2 -3 3 -5 -6 -7
leaf_value=-0.00011313168652663519 -0.016027037637369623 0.0066627801021451718 -0.0067034287752437225 -0.0016482335399102045 0.0005586995076025087 -0.0027188781587731779
leaf_weight=75443 1207 6721 1796 8643 51994 4496
leaf_count=75443 1207 6721 1796 8643 51994 4496
internal_value=-6.58661e-05 -1.68513e-05 -0.000124669 -0.00204783 2.75698e-05 -0.000356343
internal_weight=150300 149093 142372 10439 131933 79939
internal_count=150300 149093 142372 10439 131933 79939
is_linear=0
shrinkage=0.05


Tree=79
num_leaves=7
num_cat=0
split_feature=2 1 2 1 9 7
split_gain=17.4571 13.527 26.823 12.2625 11.8757 11.1511
threshold=8.5000000000000018 23.500000000000004 3.5000000000000004 69.500000000000014 28.500000000000004 1.0224552510000002
decision_type=2 2 2 2 2 2
left_child=1 5 3 -3 -4 -1
right_child=-2 2 4 -5 -6 -7
leaf_value=0.00041825423610222513 -0.015169499096090333 0.00060403181549902876 -0.0025680515254142113 -0.00018233039043389355 -0.00015842222365614056 0.003508834963703006
leaf_weight=17558 1205 36502 14951 62129 7723 10084
leaf_count=17558 1205 36502 14951 62129 7723 10084
internal_value=-6.19352e-05 -1.33432e-05 -0.000240809 0.000115703 -0.0017913 0.000984736
internal_weight=150152 148947 121305 98631 22674 27642
internal_count=150152 148947 121305 98631 22674 27642
is_linear=0
shrinkage=0.05


Tree=80
num_leaves=7
num_cat=0
split_feature=2 3 1 6 2 1
split_gain=14.0234 13.4505 12.4143 12.6769 8.58127 14.2869
threshold=8.5000000000000018 48.699253667000008 4.5000000000000009 1.5000000000000002 3.5000000000000004 33.500000000000007
decision_type=2 2 2 2 2 2
left_child=1 2 -1 4 -4 -6
right_child=-2 -3 3 -5 5 -7
leaf_value=0.0094250819778983891 -0.013671129170109831 0.010354213122205635 0.00012856018047798789 -0.0015515898917618815 0.00010900889867202502 -0.0020100591909383513
leaf_weight=4140 1200 1189 97988 13710 19924 12018
leaf_count=4140 1200 1189 97988 13710 19924 12018
internal_value=-0.000104962 -6.1504e-05 -0.000104205 -0.000182046 -2.94378e-05 -0.000741071
internal_weight=150169 148969 147780 143640 129930 31942
internal_count=150169 148969 147780 143640 129930 31942
is_linear=0
shrinkage=0.05


Tree=81
num_leaves=7
num_cat=0
split_feature=2 7 9 8 8 7
split_gain=14.2118 10.0082 13.692 12.4337 18.2302 15.5707
threshold=7.5000000000000009 1.0521450610000003 57.500000000000007 1.1570813780000002 1.2366037510000003 1.0585835255000002
decision_type=2 2 2 2 2 2
left_child=1 2 -1 -3 -5 -6
right_child=-2 3 -4 4 5 -7
leaf_value=-0.00025398458749743559 -0.0064196123345205197 0.0015932618529218567 0.0024734236649265108 -0.0021869220350830137 0.0030020688766740134 0.00028131823939878678
leaf_weight=107959 3631 13403 6110 6242 1386 11373
leaf_count=107959 3631 13403 6110 6242 1386 11373
internal_value=-8.52714e-05 -8.61904e-06 -0.000228908 0.000766762 -5.59034e-05 0.0010273
internal_weight=150104 146473 114069 32404 19001 12759
internal_count=150104 146473 114069 32404 19001 12759
is_linear=0
shrinkage=0.05


Tree=82
num_leaves=7
num_cat=0
split_feature=0 2 9 0 2 7
split_gain=13.4471 22.4729 10.6867 9.54213 17.4325 8.91259
threshold=115.50000000000001 7.5000000000000009 8.5000000000000018 85.500000000000014 4.5000000000000009 0.98581728700000004
decision_type=2 2 2 2 2 2
left_child=1 2 -1 4 -4 -6
right_child=-2 -3 3 -5 5 -7
leaf_value=-0.00067752652663437556 0.0088681436838829088 -0.0086093386696601271 -4.8204861045092475e-06 0.001150010935443449 -0.0043193818198990295 -0.0012489946753639959
leaf_weight=22917 4744 2709 83822 31424 1824 2750
leaf_count=22917 4744 2709 83822 31424 1824 2750
internal_value=-9.13812e-05 -0.000176864 -9.1161e-05 9.80597e-05 -0.000167985 -0.00317209
internal_weight=150190 145446 142737 119820 88396 4574
internal_count=150190 145446 142737 119820 88396 4574
is_linear=0
shrinkage=0.05


Tree=83
num_leaves=7
num_cat=0
split_feature=0 2 0 2 7 2
split_gain=11.2721 21.1408 10.8147 15.2904 12.7529 13.8229
threshold=115.50000000000001 6.5000000000000009 43.500000000000007 1.5000000000000002 1.0197932870000004 1.5000000000000002
decision_type=2 2 2 2 2 2
left_child=1 2 3 -1 5 -4
right_child=-2 -3 4 -5 -6 -7
leaf_value=-8.0068327176752169e-05 0.0079611968889588876 -0.0047540989760604504 0.001035164678003464 -0.0015296880802183389 0.00090114019463831971 -0.00051467046941267025
leaf_weight=42425 4801 6036 7857 12737 35326 40812
leaf_count=42425 4801 6036 7857 12737 35326 40812
internal_value=-9.61673e-05 -0.00017502 -4.9313e-05 -0.000593199 0.000307887 -0.000217005
internal_weight=149994 145193 139157 55162 83995 48669
internal_count=149994 145193 139157 55162 83995 48669
is_linear=0
shrinkage=0.05


Tree=84
num_leaves=7
num_cat=0
split_feature=0 2 0 2 7 7
split_gain=12.2595 17.194 12.155 15.7659 11.8964 17.533
threshold=116.50000000000001 6.5000000000000009 46.500000000000007 1.5000000000000002 1.0082266555000001 1.0228410990000001
decision_type=2 2 2 2 2 2
left_child=1 2 3 -1 -5 -6
right_child=-2 -3 -4 4 5 -7
leaf_value=-3.5006619752023237e-05 0.012692530751830057 -0.004378820918661863 0.00035371702485566541 -0.0021645547646657382 0.0032714307477912184 -0.0011259170592094996
leaf_weight=44046 3561 6377 81174 8171 1486 5170
leaf_count=44046 3561 6377 81174 8171 1486 5170
internal_value=-2.57517e-05 -9.62924e-05 1.93678e-05 -0.000527574 -0.00193753 -0.000367813
internal_weight=149985 146424 140047 58873 14827 6656
internal_count=149985 146424 140047 58873 14827 6656
is_linear=0
shrinkage=0.05


Tree=85
num_leaves=7
num_cat=0
split_feature=9 0 7 7 8 7
split_gain=12.268 9.99835 8.71834 26.7003 29.8763 20.2823
threshold=6.5000000000000009 116.50000000000001 0.97879829650000005 0.96600496150000004 1.2539781225000002 0.97350760600000019
decision_type=2 2 2 2 2 2
left_child=-1 2 3 4 -2 -5
right_child=1 -3 -4 5 -6 -7
leaf_value=-0.0008965211173313115 -0.00019660210737874884 0.013437150366323642 0.0002171847739142252 -0.003477589426174921 0.0033814642753931313 -0.0004889222243973923
leaf_weight=18267 25798 2767 91781 5000 1939 4543
leaf_count=18267 25798 2767 91781 5000 1939 4543
internal_value=-6.85376e-05 9.97474e-05 3.59312e-05 -0.000608824 0.000176177 -0.00288935
internal_weight=150095 131828 129061 37280 27737 9543
internal_count=150095 131828 129061 37280 27737 9543
is_linear=0
shrinkage=0.05


Tree=86
num_leaves=7
num_cat=0
split_feature=2 3 9 0 2 0
split_gain=12.9391 10.5667 8.52508 11.9144 9.12031 10.5902
threshold=8.5000000000000018 48.699253667000008 10.500000000000002 105.50000000000001 3.5000000000000004 54.500000000000007
decision_type=2 2 2 2 2 2
left_child=1 2 -1 4 -4 -6
right_child=-2 -3 3 -5 5 -7
leaf_value=-0.00054146055243125548 -0.011735031146160381 0.0095316081669329592 0.00015161143825968005 0.0035460045838909132 -0.0042871614908620908 -0.00056084293387763666
leaf_weight=31531 1234 1183 79160 11962 1811 23149
leaf_count=31531 1234 1183 79160 11962 1811 23149
internal_value=-5.68201e-05 -1.44488e-05 -5.22463e-05 0.000145796 -2.59304e-05 -0.000859203
internal_weight=150030 148796 147613 116082 104120 24960
internal_count=150030 148796 147613 116082 104120 24960
is_linear=0
shrinkage=0.05


Tree=87
num_leaves=7
num_cat=0
split_feature=2 7 0 2 0 3
split_gain=11.8335 10.3578 9.09275 16.128 11.3316 11.2425
threshold=8.5000000000000018 1.1056902775000002 111.50000000000001 5.5000000000000009 83.500000000000014 -33.531143984999993
decision_type=2 2 2 2 2 2
left_child=1 2 3 5 -5 -1
right_child=-2 -3 -4 4 -6 -7
leaf_value=0.0034071971364084078 -0.011617215331010251 0.0015620433229143029 0.0041339701236421892 -0.0067957080325302573 -0.0019009093707571534 -6.8808078322657451e-05
leaf_weight=2923 1210 8131 8740 1669 7335 120107
leaf_count=2923 1210 8131 8740 1669 7335 120107
internal_value=-3.2474e-06 3.68511e-05 -6.33972e-05 -0.000166807 -0.0022089 -1.72715e-05
internal_weight=150115 148905 140774 132034 9004 123030
internal_count=150115 148905 140774 132034 9004 123030
is_linear=0
shrinkage=0.05


Tree=88
num_leaves=7
num_cat=0
split_feature=2 0 6 7 3 7
split_gain=11.5546 10.407 11.5637 12.0571 9.53829 9.45329
threshold=8.5000000000000018 112.50000000000001 1.0000000180025095e-35 0.97350760600000019 -19.418325976999999 0.92050753900000015
decision_type=2 2 2 2 2 2
left_child=1 2 5 4 -4 -1
right_child=-2 -3 3 -5 -6 -7
leaf_value=0.0016716376950415947 -0.011549810036534014 0.0048247318489189756 0.00019166395916911106 -0.00018451522297860125 -0.0019574163816199032 0.00010716517541714543
leaf_weight=3323 1219 7934 4206 44518 12111 77619
leaf_count=3323 1219 7934 4206 44518 12111 77619
internal_value=-5.34999e-05 -1.39431e-05 -0.000112585 -0.000633424 -0.00179589 0.000278886
internal_weight=150930 149711 141777 60835 16317 80942
internal_count=150930 149711 141777 60835 16317 80942
is_linear=0
shrinkage=0.05


Tree=89
num_leaves=7
num_cat=0
split_feature=2 1 2 8 7 2
split_gain=10.0424 10.5188 21.3685 10.2088 9.15857 14.4743
threshold=8.5000000000000018 23.500000000000004 4.5000000000000009 0.97278463200000009 0.98090606100000011 5.5000000000000009
decision_type=2 2 2 2 2 2
left_child=1 -1 -3 4 -4 -6
right_child=-2 2 3 -5 5 -7
leaf_value=0.0014925542016028333 -0.010409170082928871 -1.2504875742225253e-06 -0.0027476951799378481 -0.0039153058936383768 0.0047865029406415271 -0.0029163349650455864
leaf_weight=27674 1227 111077 2876 4385 1528 1333
leaf_count=27674 1227 111077 2876 4385 1528 1333
internal_value=-3.96389e-05 -2.43488e-06 -0.000203273 -0.00240199 -0.00101228 0.000990056
internal_weight=150100 148873 121199 10122 5737 2861
internal_count=150100 148873 121199 10122 5737 2861
is_linear=0
shrinkage=0.05


end of trees

feature_importances:
legal_balls=127
wickets=89
crease_sr_idx=83
crease_balls=70
runs_vs_par=53
run_rate_rel=47
crease_avg_idx=31
balls_remaining=23
wickets_last_12=11
runs_last_12=6

parameters:
[boosting: gbdt]
[objective: quantile]
[metric: quantile]
[tree_learner: serial]
[device_type: cpu]
[data_sample_strategy: bagging]
[data: ]
[valid: ]
[num_iterations: 90]
[learning_rate: 0.05]
[num_leaves: 7]
[num_threads: 12]
[seed: 7]
[deterministic: 1]
[force_col_wise: 0]
[force_row_wise: 1]
[histogram_pool_size: -1]
[max_depth: -1]
[min_data_in_leaf: 1000]
[min_sum_hessian_in_leaf: 0.001]
[bagging_fraction: 0.8]
[pos_bagging_fraction: 1]
[neg_bagging_fraction: 1]
[bagging_freq: 1]
[bagging_seed: 17422]
[bagging_by_query: 0]
[feature_fraction: 0.8]
[feature_fraction_bynode: 1]
[feature_fraction_seed: 7040]
[extra_trees: 0]
[extra_seed: 6516]
[early_stopping_round: 0]
[early_stopping_min_delta: 0]
[first_metric_only: 0]
[max_delta_step: 0]
[lambda_l1: 0]
[lambda_l2: 5]
[linear_lambda: 0]
[min_gain_to_split: 0]
[drop_rate: 0.1]
[max_drop: 50]
[skip_drop: 0.5]
[xgboost_dart_mode: 0]
[uniform_drop: 0]
[drop_seed: 15215]
[top_rate: 0.2]
[other_rate: 0.1]
[min_data_per_group: 100]
[max_cat_threshold: 32]
[cat_l2: 10]
[cat_smooth: 10]
[max_cat_to_onehot: 4]
[top_k: 20]
[monotone_constraints: ]
[monotone_constraints_method: basic]
[monotone_penalty: 0]
[feature_contri: ]
[forcedsplits_filename: ]
[refit_decay_rate: 0.9]
[cegb_tradeoff: 1]
[cegb_penalty_split: 0]
[cegb_penalty_feature_lazy: ]
[cegb_penalty_feature_coupled: ]
[path_smooth: 0]
[interaction_constraints: ]
[verbosity: -1]
[saved_feature_importance_type: 0]
[use_quantized_grad: 0]
[num_grad_quant_bins: 4]
[quant_train_renew_leaf: 0]
[stochastic_rounding: 1]
[linear_tree: 0]
[max_bin: 255]
[max_bin_by_feature: ]
[min_data_in_bin: 3]
[bin_construct_sample_cnt: 200000]
[data_random_seed: 61]
[is_enable_sparse: 1]
[enable_bundle: 1]
[use_missing: 1]
[zero_as_missing: 0]
[feature_pre_filter: 1]
[pre_partition: 0]
[two_round: 0]
[header: 0]
[label_column: ]
[weight_column: ]
[group_column: ]
[ignore_column: ]
[categorical_feature: ]
[forcedbins_filename: ]
[precise_float_parser: 0]
[parser_config_file: ]
[objective_seed: 15521]
[num_class: 1]
[is_unbalance: 0]
[scale_pos_weight: 1]
[sigmoid: 1]
[boost_from_average: 1]
[reg_sqrt: 0]
[alpha: 0.75]
[fair_c: 1]
[poisson_max_delta_step: 0.7]
[tweedie_variance_power: 1.5]
[lambdarank_truncation_level: 30]
[lambdarank_norm: 1]
[label_gain: ]
[lambdarank_position_bias_regularization: 0]
[eval_at: ]
[multi_error_top_k: 1]
[auc_mu_weights: ]
[num_machines: 1]
[local_listen_port: 12400]
[time_out: 120]
[machine_list_filename: ]
[machines: ]
[gpu_platform_id: -1]
[gpu_device_id: -1]
[gpu_device_id_list: ]
[gpu_use_dp: 0]
[num_gpu: 1]

end of parameters

pandas_categorical:null
