tree
version=v4
num_class=1
num_tree_per_iteration=1
label_index=0
max_feature_idx=9
objective=quantile
feature_names=legal_balls balls_remaining wickets runs_vs_par run_rate_rel runs_last_12 wickets_last_12 crease_sr_idx crease_avg_idx crease_balls
feature_infos=[0:119] [1:120] [0:9] [-86.099541732000006:111.581242707] [0:8.3184877693433137] [0:60] [0:5] [0.79223889800000002:1.289539974] [0.51074293000000004:1.899443998] [0:115]
tree_sizes=758 791 802 799 803 807 800 803 804 807 807 812 806 802 803 813 810 808 805 805 815 810 814 803 806 811 813 810 816 806 804 808 814 819 820 809 814 809 816 815 811 809 819 810 812 814 814 820 816 818 818 811 825 820 809 811 810 821 820 815 816 814 821 820 812 807 820 816 819 814 813 823 817 822 821 815 824 821

Tree=0
num_leaves=7
num_cat=0
split_feature=0 4 0 0 0 9
split_gain=1705.91 185.532 120.302 67.1723 65.0186 45.1776
threshold=86.500000000000014 0.92172728042414764 64.500000000000014 103.50000000000001 100.50000000000001 12.500000000000002
decision_type=2 10 2 2 2 2
left_child=2 4 -1 -3 -2 -5
right_child=1 3 -4 5 -6 -7
leaf_value=1.5470854173474564 1.5611167444441925 1.5721601730091606 1.557779611255222 1.5867001094596531 1.5796183884143828 1.5972771792516256
leaf_weight=81238 7986 11828 27528 3568 8294 9483
leaf_count=81238 7986 11828 27528 3568 8294 9483
internal_value=1.55852 1.56718 1.55523 1.5699 1.56303 1.57238
internal_weight=149925 41159 108766 24879 16280 13051
internal_count=149925 41159 108766 24879 16280 13051
is_linear=0
shrinkage=1


Tree=1
num_leaves=7
num_cat=0
split_feature=0 3 0 0 0 9
split_gain=1487.23 158.435 96.4011 68.3751 68.2171 46.9468
threshold=84.500000000000014 -10.7997539975 61.500000000000007 97.500000000000014 101.50000000000001 12.500000000000002
decision_type=2 2 2 2 2 2
left_child=2 4 -1 -3 -2 -5
right_child=1 3 -4 5 -6 -7
leaf_value=-0.011133185996766104 0.0022740771890951473 0.010164147948264746 -0.0016173581922029668 0.021129389213248972 0.020847685825666252 0.030417072033359884
leaf_weight=77679 9408 9044 28783 4298 8088 13038
leaf_count=77679 9408 9044 28783 4298 8088 13038
internal_value=-0.000117 0.00762904 -0.00330957 0.0100758 0.00393806 0.0119151
internal_weight=150338 43876 106462 26380 17496 17336
internal_count=150338 43876 106462 26380 17496 17336
is_linear=0
shrinkage=0.05


Tree=2
num_leaves=7
num_cat=0
split_feature=1 4 1 1 1 9
split_gain=1341.83 143.973 102.169 60.819 47.2943 32.5613
threshold=34.500000000000007 0.92172728042414764 61.500000000000007 14.500000000000002 16.500000000000004 12.500000000000002
decision_type=2 10 2 2 2 2
left_child=1 4 -2 5 -1 -3
right_child=2 3 -4 -5 -6 -7
leaf_value=0.021088953125567245 -0.0017643099381756235 0.027919742575315921 -0.010892422095489651 0.012159176861096932 0.0030549039899350205 0.038764970133440019
leaf_weight=6786 33644 3231 74091 14070 10139 8235
leaf_count=6786 33644 3231 74091 14070 10139 8235
internal_value=-0.000247536 0.00727982 -0.00321445 0.00964997 0.00370201 0.0123546
internal_weight=150196 42461 107735 25536 16925 11466
internal_count=150196 42461 107735 25536 16925 11466
is_linear=0
shrinkage=0.05


Tree=3
num_leaves=7
num_cat=0
split_feature=0 4 0 0 0 9
split_gain=1215.36 133.643 83.6901 58.8095 48.4076 34.369
threshold=83.500000000000014 0.915782468324149 56.500000000000007 101.50000000000001 100.50000000000001 10.500000000000002
decision_type=2 10 2 2 2 2
left_child=2 4 -1 -3 -2 -5
right_child=1 3 -4 5 -6 -7
leaf_value=-0.010460912079034502 0.0015662561082970595 0.0099813806307526287 -0.0022969592815705424 0.022767108247171208 0.017107898076173456 0.030585492593861608
leaf_weight=71357 9584 12599 33724 3289 7957 11528
leaf_count=71357 9584 12599 33724 3289 7957 11528
internal_value=-0.00029585 0.00658367 -0.0032393 0.00876408 0.00317423 0.0109003
internal_weight=150038 44957 105081 27416 17541 14817
internal_count=150038 44957 105081 27416 17541 14817
is_linear=0
shrinkage=0.05


Tree=4
num_leaves=7
num_cat=0
split_feature=1 1 1 5 2 3
split_gain=1071.28 124.915 78.1535 70.5111 68.5265 38.9205
threshold=37.500000000000007 18.500000000000004 64.500000000000014 14.500000000000002 5.5000000000000009 2.7381650130000006
decision_type=2 2 2 2 2 2
left_child=1 3 -2 -1 5 -3
right_child=2 4 -4 -5 -6 -7
leaf_value=0.011614144470004466 -0.0024351125749627776 0.005257887327980707 -0.010026918998575008 0.027731407017049327 -0.0072361468072282276 0.011056197983994454
leaf_weight=5480 33878 12809 70330 16718 3956 7118
leaf_count=5480 33878 12809 70330 16718 3956 7118
internal_value=-0.000411162 0.00593662 -0.00321831 0.00863667 0.00342578 0.00461895
internal_weight=150289 46081 104208 22198 23883 19927
internal_count=150289 46081 104208 22198 23883 19927
is_linear=0
shrinkage=0.05


Tree=5
num_leaves=7
num_cat=0
split_feature=0 0 5 0 4 4
split_gain=995.034 127.14 92.5276 46.019 35.1625 30.8585
threshold=89.500000000000014 69.500000000000014 14.500000000000002 104.50000000000001 0.82624868683972819 0.93996443005350183
decision_type=2 2 2 2 10 10
left_child=1 -1 -2 5 -3 -4
right_child=2 4 3 -5 -6 -7
leaf_value=-0.0085416339909692839 0.006431682460546255 -0.0055365530688010981 0.0051160478760689191 0.030473802930151523 0.0025302387120813823 0.012442407222849691
leaf_weight=87568 10854 7352 4549 14262 17603 7804
leaf_count=87568 10854 7352 4549 14262 17603 7804
internal_value=-0.000458744 -0.00280877 0.00659804 0.00818463 0.000339542 0.00594635
internal_weight=149992 112523 37469 26615 24955 12353
internal_count=149992 112523 37469 26615 24955 12353
is_linear=0
shrinkage=0.05


Tree=6
num_leaves=7
num_cat=0
split_feature=0 0 5 0 3 7
split_gain=866.476 131.12 56.392 52.4953 47.289 32.2132
threshold=78.500000000000014 96.500000000000014 14.500000000000002 48.500000000000007 -17.268344776999999 1.0564700310000001
decision_type=2 2 2 2 2 2
left_child=3 4 -3 -1 -2 -4
right_child=1 2 5 -5 -6 -7
leaf_value=-0.009633548181009411 -0.0026447780540112733 0.0085599364792831589 0.020275320914571474 -0.003506647084375817 0.0054927138712982685 0.029148557684744721
leaf_weight=61494 7375 7456 16679 37398 15103 4428
leaf_count=61494 7375 7456 16679 37398 15103 4428
internal_value=-0.000571337 0.00471917 0.00696706 -0.00330202 0.00186185 0.00828747
internal_weight=149933 51041 28563 98892 22478 21107
internal_count=149933 51041 28563 98892 22478 21107
is_linear=0
shrinkage=0.05


Tree=7
num_leaves=7
num_cat=0
split_feature=0 0 2 0 0 9
split_gain=785.75 112.36 71.3037 57.1255 43.2323 39.2806
threshold=79.500000000000014 107.50000000000001 5.5000000000000009 53.500000000000007 93.500000000000014 12.500000000000002
decision_type=2 2 2 2 2 2
left_child=3 2 4 -1 -2 -3
right_child=1 5 -4 -5 -6 -7
leaf_value=-0.0087766178526424987 0.0037222602337158885 0.02150665934996988 -0.0048662226386860345 -0.0026109283201352848 0.01060287130059711 0.031750449080025785
leaf_weight=67517 15506 4546 6628 32532 13088 10139
leaf_count=67517 15506 4546 6628 32532 13088 10139
internal_value=-0.000607026 0.00451725 0.00298464 -0.00316324 0.00406762 0.00819095
internal_weight=149956 49907 35222 100049 28594 14685
internal_count=149956 49907 35222 100049 28594 14685
is_linear=0
shrinkage=0.05


Tree=8
num_leaves=7
num_cat=0
split_feature=0 0 9 2 5 0
split_gain=739.497 95.3465 55.178 52.9988 48.3374 25.8224
threshold=78.500000000000014 96.500000000000014 35.500000000000007 3.5000000000000004 14.500000000000002 113.50000000000001
decision_type=2 2 2 2 2 2
left_child=2 3 -1 -2 -3 -6
right_child=1 4 -4 -5 5 -7
leaf_value=-0.0083272322311789947 0.0064040604238395612 0.0072414662194145614 -0.0013437830208191393 -0.0009730261042479075 0.013490848475444923 0.04848150304181531
leaf_weight=79211 10377 7517 19431 12217 15269 5821
leaf_count=79211 10377 7517 19431 12217 15269 5821
internal_value=-0.000626736 0.00424843 -0.00315732 0.00181999 0.00616577 0.00739275
internal_weight=149843 51201 98642 22594 28607 21090
internal_count=149843 51201 98642 22594 28607 21090
is_linear=0
shrinkage=0.05


Tree=9
num_leaves=7
num_cat=0
split_feature=1 3 1 1 7 5
split_gain=668.436 85.2496 63.3472 55.2472 31.2908 25.0013
threshold=39.500000000000007 3.4910577045000006 66.500000000000014 13.500000000000002 1.0666280860000004 16.500000000000004
decision_type=2 2 2 2 2 2
left_child=1 3 5 -1 -3 -2
right_child=2 4 -4 -5 -6 -7
leaf_value=0.020147921895224071 -0.0045225473716290253 0.013571956999773189 -0.0080089686419681731 0.0025368194200323982 0.022175842705370291 0.00094085230868508069
leaf_weight=8974 21215 13548 67622 22708 3486 12499
leaf_count=8974 21215 13548 67622 22708 3486 12499
internal_value=-0.00067048 0.00414236 -0.00298428 0.00260801 0.00699454 -0.00121356
internal_weight=150052 48716 101336 31682 17034 33714
internal_count=150052 48716 101336 31682 17034 33714
is_linear=0
shrinkage=0.05


Tree=10
num_leaves=7
num_cat=0
split_feature=0 0 2 0 0 2
split_gain=608.519 89.8549 58.2651 45.8314 42.8026 23.2687
threshold=77.500000000000014 108.50000000000001 5.5000000000000009 48.500000000000007 92.500000000000014 3.5000000000000004
decision_type=2 2 2 2 2 2
left_child=3 2 4 -1 5 -2
right_child=1 -3 -4 -5 -6 -7
leaf_value=-0.0079129887224491102 0.0044008551050398323 0.026688301278363559 -0.0053978570857116624 -0.0029887500781140552 0.0092220980640574778 -0.0010310020146789198
leaf_weight=61437 9348 13458 7263 36067 14985 7441
leaf_count=61437 9348 13458 7263 36067 14985 7441
internal_value=-0.000738615 0.00360143 0.00238628 -0.00307531 0.00330973 0.00157526
internal_weight=149999 52495 39037 97504 31774 16789
internal_count=149999 52495 39037 97504 31774 16789
is_linear=0
shrinkage=0.05


Tree=11
num_leaves=7
num_cat=0
split_feature=1 1 3 4 1 7
split_gain=555.276 96.9387 51.6162 32.4262 28.8321 23.3806
threshold=30.500000000000004 65.500000000000014 1.5966929770000002 0.84930884632279369 5.5000000000000009 1.0178415490000001
decision_type=2 2 2 10 2 2
left_child=2 3 4 -2 -1 -6
right_child=1 -3 -4 -5 5 -7
leaf_value=0.041618643426981211 -0.0053233894825952732 -0.0071530344206378674 0.017108766916632358 0.00061282958949588793 0.0024819161514167058 0.0088739004022742665
leaf_weight=2952 15745 68821 14999 28055 12308 7159
leaf_count=2952 15745 68821 14999 28055 12308 7159
internal_value=-0.000735086 -0.00248837 0.00454159 -0.00064947 0.00302154 0.00232205
internal_weight=150039 112621 37418 43800 22419 19467
internal_count=150039 112621 37418 43800 22419 19467
is_linear=0
shrinkage=0.05


Tree=12
num_leaves=7
num_cat=0
split_feature=1 1 2 9 3 1
split_gain=494.337 75.5862 50.1863 48.0125 34.0326 24.677
threshold=43.500000000000007 9.5000000000000018 4.5000000000000009 29.500000000000004 35.857562003500007 25.500000000000004
decision_type=2 2 2 2 2 2
left_child=1 -1 4 -2 -3 -4
right_child=3 2 5 -5 -6 -7
leaf_value=0.029376878795469644 -0.0075428761383297023 0.005215625424772205 0.0029400136790690657 -0.0019577912655097986 0.014611497778056426 -0.0060017662499437397
leaf_weight=10970 68064 24711 10285 28203 1614 5964
leaf_count=10970 68064 24711 10285 28203 1614 5964
internal_value=-0.000813032 0.00303796 0.00208389 -0.00295501 0.0034324 -0.000101207
internal_weight=149811 53544 42574 96267 26325 16249
internal_count=149811 53544 42574 96267 26325 16249
is_linear=0
shrinkage=0.05


Tree=13
num_leaves=7
num_cat=0
split_feature=0 0 0 2 5 3
split_gain=448.084 72.4194 45.1776 43.2878 30.493 21.0113
threshold=75.500000000000014 98.500000000000014 41.500000000000007 4.5000000000000009 15.500000000000002 32.267940581000005
decision_type=2 2 2 2 2 2
left_child=2 3 -1 5 -3 -2
right_child=1 4 -4 -5 -6 -7
leaf_value=-0.0072227907787533185 0.0030141296579344855 0.0060838329418998263 -0.0029826754936402985 -0.004507392730465732 0.016735707995973959 0.010982977378173019
leaf_weight=52724 19376 7974 42469 8310 18132 1197
leaf_count=52724 19376 7974 42469 8310 18132 1197
internal_value=-0.000807395 0.00278585 -0.0028831 0.00106047 0.00469419 0.00229055
internal_weight=150182 54989 95193 28883 26106 20573
internal_count=150182 54989 95193 28883 26106 20573
is_linear=0
shrinkage=0.05


Tree=14
num_leaves=7
num_cat=0
split_feature=0 0 4 9 3 7
split_gain=410.269 66.9023 48.3345 42.3239 31.9928 24.6174
threshold=75.500000000000014 112.50000000000001 0.81027489946085229 26.500000000000004 40.630156640500012 1.0629306445000004
decision_type=2 2 10 2 2 2
left_child=3 2 -2 -1 5 -4
right_child=1 -3 4 -5 -6 -7
leaf_value=-0.0071936576176164406 -0.0031899566182994133 0.033042603626923413 0.0033509255668455066 -0.0022313059639614513 0.016881049793381578 0.0086850732288175341
leaf_weight=61607 9809 8544 28623 33618 1365 6752
leaf_count=61607 9809 8544 28623 33618 1365 6752
internal_value=-0.000817175 0.00261688 0.00186998 -0.002804 0.00270241 0.00241167
internal_weight=150318 55093 46549 95225 36740 35375
internal_count=150318 55093 46549 95225 36740 35375
is_linear=0
shrinkage=0.05


Tree=15
num_leaves=7
num_cat=0
split_feature=0 0 3 2 0 8
split_gain=369.697 71.0043 41.8642 27.7552 23.4657 22.2957
threshold=86.500000000000014 45.500000000000007 -0.72747114849999994 3.5000000000000004 69.500000000000014 0.99401569350000007
decision_type=2 2 2 2 2 2
left_child=1 -1 -2 4 -3 -4
right_child=2 3 5 -5 -6 -7
leaf_value=-0.0063578981845171167 0.0047773156322253605 -0.0020747079433779607 0.0087901523454117 -0.0068648931162108131 0.0020955820499692023 0.01367912558090234
leaf_weight=57816 23539 24476 6413 14126 12584 11248
leaf_count=57816 23539 24476 6413 14126 12584 11248
internal_value=-0.000856552 -0.00238159 0.00317801 -0.00102518 -0.00030622 0.00501783
internal_weight=150202 109002 41200 51186 37060 17661
internal_count=150202 109002 41200 51186 37060 17661
is_linear=0
shrinkage=0.05


Tree=16
num_leaves=7
num_cat=0
split_feature=0 0 9 4 0 9
split_gain=332.538 68.3713 38.8296 29.7153 26.9478 25.8641
threshold=72.500000000000014 99.500000000000014 21.500000000000004 0.84930884632279369 116.50000000000001 9.5000000000000018
decision_type=2 2 2 10 2 2
left_child=2 3 -1 -2 5 -3
right_child=1 4 -4 -5 -6 -7
leaf_value=-0.0071311493728456812 -0.0030129993868132261 -0.0011414133034102949 -0.0027286561170176602 0.0026453048592286095 0.049928027604758403 0.010536860812872089
leaf_weight=49509 10885 3936 41503 22966 3581 17308
leaf_count=49509 10885 3936 41503 22966 3581 17308
internal_value=-0.000853014 0.00208193 -0.0027452 0.000620125 0.00407471 0.00339686
internal_weight=149688 58676 91012 33851 24825 21244
internal_count=149688 58676 91012 33851 24825 21244
is_linear=0
shrinkage=0.05


Tree=17
num_leaves=7
num_cat=0
split_feature=0 0 9 4 8 7
split_gain=308.976 58.6194 37.5728 32.5852 25.1435 18.8106
threshold=73.500000000000014 107.50000000000001 21.500000000000004 0.81027489946085229 1.0088530910000002 1.0564700310000001
decision_type=2 2 2 10 2 2
left_child=2 3 -1 -2 -5 -3
right_child=1 5 -4 4 -6 -7
leaf_value=-0.0067712286535507541 -0.0032688010855912598 0.015935341094203137 -0.002582104752111613 -3.6530728129627309e-05 0.0048013129671460458 0.033837206266673657
leaf_weight=50117 9543 12343 42479 11739 21404 2423
leaf_count=50117 9543 12343 42479 11739 21404 2423
internal_value=-0.00083464 0.0020457 -0.00262179 0.00110609 0.00184732 0.00476068
internal_weight=150048 57452 92596 42686 33143 14766
internal_count=150048 57452 92596 42686 33143 14766
is_linear=0
shrinkage=0.05


Tree=18
num_leaves=7
num_cat=0
split_feature=0 0 9 2 0 2
split_gain=280.208 57.2254 33.3997 31.7876 28.0341 28.0954
threshold=71.500000000000014 94.500000000000014 19.500000000000004 3.5000000000000004 116.50000000000001 5.5000000000000009
decision_type=2 2 2 2 2 2
left_child=2 3 -1 -2 5 -3
right_child=1 4 -4 -5 -6 -7
leaf_value=-0.006603516096199114 0.0024990105081981618 0.0088973760656350133 -0.0026660176488996377 -0.003172302533805787 0.045050168349165767 0.0016712302861370586
leaf_weight=45130 15086 18082 45221 13775 3565 9472
leaf_count=45130 15086 18082 45221 13775 3565 9472
internal_value=-0.00082053 0.00182879 -0.0025793 0.000225004 0.00331593 0.00277514
internal_weight=150331 59980 90351 28861 31119 27554
internal_count=150331 59980 90351 28861 31119 27554
is_linear=0
shrinkage=0.05


Tree=19
num_leaves=7
num_cat=0
split_feature=0 0 4 3 0 4
split_gain=257.799 54.8648 39.5476 38.5397 26.9245 23.0113
threshold=71.500000000000014 113.50000000000001 0.81027489946085229 19.806329085500003 41.500000000000007 1.3431850097158333
decision_type=2 2 10 2 2 10
left_child=3 2 -2 4 -1 -4
right_child=1 -3 5 -5 -6 -7
leaf_value=-0.0056712733112940983 -0.0033272431315271318 0.031648020378633859 0.003229795022206855 0.0039433744166983793 -0.0029324339467767971 0.016887179756780446
leaf_weight=52076 11328 7188 40315 2929 35189 1124
leaf_count=52076 11328 7188 40315 2929 35189 1124
internal_value=-0.000811135 0.0017299 0.00117136 -0.00250025 -0.00268964 0.001887
internal_weight=150149 59955 52767 90194 87265 41439
internal_count=150149 59955 52767 90194 87265 41439
is_linear=0
shrinkage=0.05


Tree=20
num_leaves=7
num_cat=0
split_feature=0 0 8 0 2 2
split_gain=237.602 63.4392 28.6734 26.9332 24.6385 20.7113
threshold=90.500000000000014 47.500000000000007 0.99165079850000015 117.50000000000001 5.5000000000000009 3.5000000000000004
decision_type=2 2 2 2 2 2
left_child=1 -1 -3 4 -2 -4
right_child=3 2 5 -5 -6 -7
leaf_value=-0.0049189475257073491 0.0074458135954968852 -0.0052821115624860984 0.00083450046916652004 0.048380253940008895 0.0012255930834129591 -0.0049033616135391745
leaf_weight=60392 22954 13245 31291 2346 10939 9012
leaf_count=60392 22954 13245 31291 2346 10939 9012
internal_value=-0.000824956 -0.00194655 -0.00069352 0.00270127 0.00234188 -3.01441e-05
internal_weight=150179 113940 53548 36239 33893 40303
internal_count=150179 113940 53548 36239 33893 40303
is_linear=0
shrinkage=0.05


Tree=21
num_leaves=7
num_cat=0
split_feature=0 9 0 7 9 3
split_gain=220.591 45.8177 37.3003 27.3515 21.4201 16.6426
threshold=77.500000000000014 25.500000000000004 112.50000000000001 1.0245535370000003 52.500000000000007 19.806329085500003
decision_type=2 2 2 2 2 2
left_child=1 -1 3 4 -2 -3
right_child=2 5 -4 -5 -6 -7
leaf_value=-0.0052828138541338547 -0.00082384360972574179 -0.0017513305971335201 0.026181562454026343 0.0050762234987703752 0.0058836844061269057 0.0036010664249291413
leaf_weight=60466 22858 34633 8427 16672 4475 2716
leaf_count=60466 22858 34633 8427 16672 4475 2716
internal_value=-0.000810872 -0.00221351 0.00180578 0.00122188 0.000248188 -0.000836458
internal_weight=150247 97815 52432 44005 27333 37349
internal_count=150247 97815 52432 44005 27333 37349
is_linear=0
shrinkage=0.05


Tree=22
num_leaves=7
num_cat=0
split_feature=0 9 4 0 8 3
split_gain=197.14 41.0311 35.4737 25.5301 21.4148 19.0464
threshold=75.500000000000014 33.500000000000007 0.81027489946085229 110.50000000000001 0.98958124150000015 20.531429845000002
decision_type=2 2 10 2 2 2
left_child=1 5 -2 4 -4 -1
right_child=2 -3 3 -5 -6 -7
leaf_value=-0.0048640646188295392 -0.0024816079121638829 -0.00028930209228812128 -0.00056888417536019812 0.021336140819513426 0.0043783464977248422 0.0068892343867787142
leaf_weight=73131 10689 20722 11269 9695 23156 1263
leaf_count=73131 10689 20722 11269 9695 23156 1263
internal_value=-0.000813881 -0.00219016 0.00157451 0.00220057 0.00156186 -0.00273821
internal_weight=149925 95116 54809 44120 34425 74394
internal_count=149925 95116 54809 44120 34425 74394
is_linear=0
shrinkage=0.05


Tree=23
num_leaves=7
num_cat=0
split_feature=0 9 7 0 3 2
split_gain=184.769 48.3452 25.9276 20.5265 18.0391 16.1423
threshold=84.500000000000014 27.500000000000004 1.0564700310000001 115.50000000000001 19.177065947500001 5.5000000000000009
decision_type=2 2 2 2 2 2
left_child=1 -1 3 5 -3 -2
right_child=2 4 -4 -5 -6 -7
leaf_value=-0.0046414370137431204 0.0035220651279502845 -0.0012862177587323247 0.0109114736131739 0.03097650301606469 0.0038993859015602353 -0.002846217279727707
leaf_weight=67816 21590 35253 8646 4074 3379 9355
leaf_count=67816 21590 35253 8646 4074 3379 9355
internal_value=-0.00078948 -0.00191296 0.00194928 0.00134351 -0.000501075 0.000903876
internal_weight=150113 106448 43665 35019 38632 30945
internal_count=150113 106448 43665 35019 38632 30945
is_linear=0
shrinkage=0.05


Tree=24
num_leaves=7
num_cat=0
split_feature=0 5 3 3 0 8
split_gain=159.886 45.7891 25.5046 19.2243 17.8265 14.1425
threshold=65.500000000000014 16.500000000000004 6.6162584090000012 40.630156640500012 105.50000000000001 1.2388693325000002
decision_type=2 2 2 2 2 2
left_child=2 -2 -1 4 -3 -4
right_child=1 3 5 -5 -6 -7
leaf_value=-0.0044524118532211499 -0.00068374670703900433 0.0022392755446899019 -0.0016595713677299145 0.015539834217718367 0.014422574979375304 0.0022579312207835051
leaf_weight=70639 32361 22426 8145 1987 10577 3649
leaf_count=70639 32361 22426 8145 1987 10577 3649
internal_value=-0.000796255 0.00101097 -0.0022728 0.00226461 0.00197634 -0.00012035
internal_weight=149784 67351 82433 34990 33003 11794
internal_count=149784 67351 82433 34990 33003 11794
is_linear=0
shrinkage=0.05


Tree=25
num_leaves=7
num_cat=0
split_feature=0 9 7 0 7 0
split_gain=157.347 52.0857 20.3774 21.8499 19.5371 17.1671
threshold=90.500000000000014 34.500000000000007 0.98090606100000011 37.500000000000007 1.0564700310000001 117.50000000000001
decision_type=2 2 2 2 2 2
left_child=1 2 -1 -4 5 -2
right_child=4 -3 3 -5 -6 -7
leaf_value=-0.0063559640121591951 0.0031141214377383287 0.00030039335575556637 -0.0036533726048918382 -0.0011532109413659646 0.011568780621277671 0.040225143559383579
leaf_weight=25000 27080 28507 34189 26304 6984 2043
leaf_count=25000 27080 28507 34189 26304 6984 2043
internal_value=-0.000746344 -0.00165738 -0.0022745 -0.00177799 0.0021299 0.00155984
internal_weight=150107 114000 85493 60493 36107 29123
internal_count=150107 114000 85493 60493 36107 29123
is_linear=0
shrinkage=0.05


Tree=26
num_leaves=7
num_cat=0
split_feature=0 3 4 0 0 8
split_gain=141.047 32.6916 30.3089 24.6768 17.9396 17.8762
threshold=74.500000000000014 6.0909461060000014 0.78779789955611268 111.50000000000001 44.500000000000007 1.0088530910000002
decision_type=2 2 10 2 2 2
left_child=1 4 -2 5 -1 -4
right_child=2 -3 3 -5 -6 -7
leaf_value=-0.0044585457234420671 -0.0031114788955967105 0.00030825948267445647 -0.00026016267930894106 0.020395068785457774 -0.0025276083684086592 0.0038712942460226193
leaf_weight=48871 9013 14865 14743 8955 29850 23668
leaf_count=48871 9013 14865 14743 8955 29850 23668
internal_value=-0.000689639 -0.00187978 0.00128591 0.0017916 -0.00228584 0.00124024
internal_weight=149965 93586 56379 47366 78721 38411
internal_count=149965 93586 56379 47366 78721 38411
is_linear=0
shrinkage=0.05


Tree=27
num_leaves=7
num_cat=0
split_feature=0 9 3 7 0 2
split_gain=130.439 37.6717 21.2312 19.4272 17.9238 17.7954
threshold=85.500000000000014 33.500000000000007 48.699253667000008 0.98090606100000011 114.50000000000001 5.5000000000000009
decision_type=2 2 2 2 2 2
left_child=1 3 4 -1 5 -2
right_child=2 -3 -4 -5 -6 -7
leaf_value=-0.0060836743423797893 0.0035531436221995522 -9.0562604042835232e-05 0.020782743784627113 -0.0025675641081310359 0.026581755651860585 -0.0029424595446282125
leaf_weight=23408 25966 27318 1042 56916 5611 9815
leaf_count=23408 25966 27318 1042 56916 5611 9815
internal_value=-0.000745798 -0.0016713 0.00160183 -0.00221676 0.00142377 0.00101143
internal_weight=150076 107642 42434 80324 41392 35781
internal_count=150076 107642 42434 80324 41392 35781
is_linear=0
shrinkage=0.05


Tree=28
num_leaves=7
num_cat=0
split_feature=0 0 2 7 7 5
split_gain=117.902 39.6889 27.8943 23.6877 15.6281 14.6327
threshold=91.500000000000014 42.500000000000007 4.5000000000000009 1.0440706510000002 1.0564700310000001 16.500000000000004
decision_type=2 2 2 2 2 2
left_child=1 -1 3 5 -2 -3
right_child=4 2 -4 -5 -6 -7
leaf_value=-0.0035130942105056611 0.0039703122534284815 -0.0028689271683942155 -0.0088066054282256098 0.0022810998076350408 0.011420116904942781 0.00056339736975204537
leaf_weight=53906 28154 23716 7921 13898 6688 15565
leaf_count=53906 28154 23716 7921 13898 6688 15565
internal_value=-0.000721642 -0.0014936 -0.000621063 -0.000208617 0.00182627 -0.000836304
internal_weight=149848 115006 61100 53179 34842 39281
internal_count=149848 115006 61100 53179 34842 39281
is_linear=0
shrinkage=0.05


Tree=29
num_leaves=7
num_cat=0
split_feature=0 4 3 0 4 8
split_gain=100.337 26.3025 25.3479 19.942 20.0072 13.6803
threshold=69.500000000000014 0.81027489946085229 5.8401219830000004 111.50000000000001 1.3431850097158333 1.2388693325000002
decision_type=2 10 2 2 10 2
left_child=2 -2 -1 4 -3 -4
right_child=1 3 5 -5 -6 -7
leaf_value=-0.0035500744714678624 -0.00283150579907773 0.0012844143983374206 -0.0011282581948090398 0.017609468301624572 0.012536682268097399 0.0023525686309861394
leaf_weight=73820 12921 39819 9738 8695 1123 4224
leaf_count=73820 12921 39819 9738 8695 1123 4224
internal_value=-0.000724335 0.000805747 -0.00181473 0.00132881 0.000866729 0.000138898
internal_weight=150340 62558 87782 49637 40942 13962
internal_count=150340 62558 87782 49637 40942 13962
is_linear=0
shrinkage=0.05


Tree=30
num_leaves=7
num_cat=0
split_feature=0 5 3 7 5 8
split_gain=94.2413 31.654 21.9442 20.5763 13.16 13.1271
threshold=65.500000000000014 16.500000000000004 6.3492369675000004 1.0673497585000002 31.500000000000004 1.2388693325000002
decision_type=2 2 2 2 2 2
left_child=2 3 -1 -2 -3 -4
right_child=1 4 5 -5 -6 -7
leaf_value=-0.0033802081678379146 -0.0019035665580189251 0.0036620266494443599 -0.0011200479279643144 0.0045967970624123354 0.011906685920702077 0.0023270913078799397
leaf_weight=70673 27808 31964 8402 4390 3065 3707
leaf_count=70673 27808 31964 8402 4390 3065 3707
internal_value=-0.00069657 0.000694088 -0.00182589 -0.000437538 0.00173417 0.000140745
internal_weight=150009 67227 82782 32198 35029 12109
internal_count=150009 67227 82782 32198 35029 12109
is_linear=0
shrinkage=0.05


Tree=31
num_leaves=7
num_cat=0
split_feature=1 5 9 1 4 7
split_gain=91.9972 28.6445 19.9365 16.8592 16.8925 14.0879
threshold=52.500000000000007 15.500000000000002 15.500000000000002 2.5000000000000004 1.3582229546363902 1.0673497585000002
decision_type=2 2 2 2 10 2
left_child=1 5 -2 -3 -5 -1
right_child=2 3 -4 4 -6 -7
leaf_value=-0.0019105349225225232 -0.004176252386942747 0.045273838061474989 -0.0016265136319185765 0.0026925228869141113 0.013232181908885299 0.0041199666689593828
leaf_weight=23422 34677 1854 50219 34677 1144 3649
leaf_count=23422 34677 1854 50219 34677 1144 3649
internal_value=-0.000698044 0.000721532 -0.00178066 0.00161292 0.00137177 -0.000519096
internal_weight=149642 64746 84896 37675 35821 27071
internal_count=149642 64746 84896 37675 35821 27071
is_linear=0
shrinkage=0.05


Tree=32
num_leaves=7
num_cat=0
split_feature=0 4 7 9 0 9
split_gain=84.9092 36.4904 26.1417 21.9152 15.6968 14.9585
threshold=92.500000000000014 0.75842897517648833 1.1056902775000002 41.500000000000007 117.50000000000001 11.500000000000002
decision_type=2 10 2 2 2 2
left_child=1 -1 3 -3 5 -2
right_child=4 2 -4 -5 -6 -7
leaf_value=-0.0044539112009629343 -0.0026964579089473555 -0.0020647082899543736 0.0030963515589015013 0.0010819462653215693 0.035816236370798032 0.0047259225527340005
leaf_weight=32946 6726 62962 4531 15787 2367 24647
leaf_count=32946 6726 62962 4531 15787 2367 24647
internal_value=-0.000643326 -0.00128434 -0.000727023 -0.000939573 0.00156468 0.00126793
internal_weight=149966 116226 83280 78749 33740 31373
internal_count=149966 116226 83280 78749 33740 31373
is_linear=0
shrinkage=0.05


Tree=33
num_leaves=7
num_cat=0
split_feature=0 4 3 0 0 8
split_gain=82.8384 34.1461 20.7201 18.0664 17.2142 14.3566
threshold=93.500000000000014 0.74011400058785937 20.531429845000002 117.50000000000001 48.500000000000007 0.99165079850000015
decision_type=2 10 2 2 2 2
left_child=1 -1 4 -2 -3 -6
right_child=3 2 -4 -5 5 -7
leaf_value=-0.0044504395418253845 0.0035130362028107753 -0.0022200911558875078 0.0032893539324817672 0.036097695128028989 -0.0033289281086300473 0.0004142967883675122
leaf_weight=30264 29922 38933 5051 2355 10233 33131
leaf_count=30264 29922 38933 5051 2355 10233 33131
internal_value=-0.000640087 -0.00125586 -0.000754297 0.00160352 -0.000945118 -0.000259864
internal_weight=149889 117612 87348 32277 82297 43364
internal_count=149889 117612 87348 32277 82297 43364
is_linear=0
shrinkage=0.05


Tree=34
num_leaves=7
num_cat=0
split_feature=0 9 3 9 9 7
split_gain=71.3484 32.4687 17.5715 13.7994 13.4091 16.4115
threshold=92.500000000000014 15.500000000000002 19.806329085500003 11.500000000000002 41.500000000000007 0.98134478250000001
decision_type=2 2 2 2 2 2
left_child=1 -1 4 -2 5 -3
right_child=3 2 -4 -5 -6 -7
leaf_value=-0.0036349593126907423 -0.0018218669923949595 -0.0038498409164259163 0.0028350046785488737 0.0054104445801353472 0.00067137861603863073 -0.00084125034390206826
leaf_weight=40065 7605 16967 4809 26184 15858 38912
leaf_count=40065 7605 16967 4809 26184 15858 38912
internal_value=-0.000624648 -0.00121086 -0.000607178 0.00139832 -0.000803366 -0.00116751
internal_weight=150400 116611 76546 33789 71737 55879
internal_count=150400 116611 76546 33789 71737 55879
is_linear=0
shrinkage=0.05


Tree=35
num_leaves=7
num_cat=0
split_feature=0 9 7 9 0 9
split_gain=65.609 29.7496 16.8622 14.5737 14.1643 14.1266
threshold=92.500000000000014 14.500000000000002 1.0922913080000003 10.500000000000002 117.50000000000001 43.500000000000007
decision_type=2 2 2 2 2 2
left_child=1 -1 5 -2 -5 -3
right_child=3 2 -4 4 -6 -7
leaf_value=-0.003590801941417469 -0.0025452189515651428 -0.0017759825183461609 0.0021347668645570503 0.0040552033387401308 0.04034315535803859 0.00085589794999687543
leaf_weight=37053 6876 58965 5893 25160 1572 14328
leaf_count=37053 6876 58965 5893 25160 1572 14328
internal_value=-0.000609503 -0.00117206 -0.00062482 0.00133609 0.00186408 -0.000831743
internal_weight=149847 116239 79186 33608 26732 73293
internal_count=149847 116239 79186 33608 26732 73293
is_linear=0
shrinkage=0.05


Tree=36
num_leaves=7
num_cat=0
split_feature=1 4 3 4 1 8
split_gain=59.8528 24.0375 17.3245 16.6273 16.5582 12.4191
threshold=54.500000000000007 0.84700127920376189 5.354152827500001 1.3582229546363902 4.5000000000000009 1.0042146855000003
decision_type=2 10 2 10 2 2
left_child=1 -1 -2 4 -3 -6
right_child=2 3 -4 -5 5 -7
leaf_value=-0.0021054480925581653 -0.0027094870919501519 0.023743527651463838 0.00017666044466172447 0.012361545549397047 -0.00099344573643977258 0.0025719746586516674
leaf_weight=19014 69077 3938 13611 1358 15426 27709
leaf_count=19014 69077 3938 13611 1358 15426 27709
internal_value=-0.000567579 0.000537805 -0.00146917 0.00112922 0.000971472 0.000687875
internal_weight=150133 67445 82688 48431 47073 43135
internal_count=150133 67445 82688 48431 47073 43135
is_linear=0
shrinkage=0.05


Tree=37
num_leaves=7
num_cat=0
split_feature=4 3 9 7 8 7
split_gain=50.3193 29.328 16.8086 14.6812 19.6767 13.2679
threshold=0.79050714441498471 19.806329085500003 58.500000000000007 1.1056902775000002 1.3576554165000003 1.1073452610000001
decision_type=10 2 2 2 2 2
left_child=-1 2 3 -2 -5 -3
right_child=1 5 -4 4 -6 -7
leaf_value=-0.0033788406582895645 -0.00090026418411488253 0.0039731157553855104 0.0040898037366996912 0.00046099071589512128 0.0064741840938688068 0.014096089738317788
leaf_weight=42955 85549 10550 5021 3687 1202 1038
leaf_count=42955 85549 10550 5021 3687 1202 1038
internal_value=-0.000560375 1.97556e-05 -0.000268636 -0.00042502 0.00223845 0.00239455
internal_weight=150002 107047 95459 90438 4889 11588
internal_count=150002 107047 95459 90438 4889 11588
is_linear=0
shrinkage=0.05


Tree=38
num_leaves=7
num_cat=0
split_feature=0 7 0 9 2 0
split_gain=53.9994 24.3249 19.0512 17.3567 15.5242 13.7871
threshold=91.500000000000014 0.98090606100000011 36.500000000000007 35.500000000000007 4.5000000000000009 117.50000000000001
decision_type=2 2 2 2 2 2
left_child=1 3 -3 -1 -4 -2
right_child=5 2 4 -5 -6 -7
leaf_value=-0.0043314870276421075 0.0025008514105426365 -0.0019259603457643056 0.00047872379189097019 -0.00020219574014553152 -0.0056712177629153057 0.030199498085029333
leaf_weight=25698 32546 33838 42777 7795 5007 2356
leaf_count=25698 32546 33838 42777 7795 5007 2356
internal_value=-0.000554153 -0.00107649 -0.000610828 -0.00221103 3.20145e-05 0.00116853
internal_weight=150017 115115 81622 33493 47784 34902
internal_count=150017 115115 81622 33493 47784 34902
is_linear=0
shrinkage=0.05


Tree=39
num_leaves=7
num_cat=0
split_feature=0 4 7 9 0 9
split_gain=46.0397 29.3841 14.1643 11.6283 10.8246 10.5128
threshold=99.500000000000014 0.84930884632279369 1.1056902775000002 19.500000000000004 118.50000000000001 10.500000000000002
decision_type=2 10 2 2 2 2
left_child=1 -1 3 -3 5 -2
right_child=4 2 -4 -5 -6 -7
leaf_value=-0.0028733178648192711 -0.0025188569741555009 -0.0019040359707645387 0.0028012589420574317 5.7460148927449456e-05 0.07817547040725159 0.0054628099638344479
leaf_weight=52331 5201 22858 4345 45830 1144 18463
leaf_count=52331 5201 22858 4345 45830 1144 18463
internal_value=-0.000502475 -0.000891928 -0.000243915 -0.000419112 0.00146536 0.00123495
internal_weight=150172 125364 73033 68688 24808 23664
internal_count=150172 125364 73033 68688 24808 23664
is_linear=0
shrinkage=0.05


Tree=40
num_leaves=7
num_cat=0
split_feature=1 4 7 1 7 9
split_gain=44.5492 24.0447 15.045 12.3332 10.3694 10.044
threshold=25.500000000000004 0.8561577067500824 1.1056902775000002 2.5000000000000004 1.0791439860000003 9.5000000000000018
decision_type=2 10 2 2 2 2
left_child=3 4 -3 -1 -2 -5
right_child=1 2 -4 5 -6 -7
leaf_value=0.02772999095424199 -0.0031438806526316527 -0.00065488217750643161 0.0031591268232131161 -0.0040941818515714641 0.00051558280612761724 0.0038052225769214642
leaf_weight=2378 46738 63154 3814 5116 5118 23780
leaf_count=2378 46738 63154 3814 5116 5118 23780
internal_value=-0.000474276 -0.000916192 -0.000290267 0.00120464 -0.00172442 0.000919344
internal_weight=150098 118824 66968 31274 51856 28896
internal_count=150098 118824 66968 31274 51856 28896
is_linear=0
shrinkage=0.05


Tree=41
num_leaves=7
num_cat=0
split_feature=0 3 0 2 4 8
split_gain=41.1953 15.8785 15.1934 17.9232 12.2067 10.2364
threshold=71.500000000000014 6.0909461060000014 114.50000000000001 5.5000000000000009 1.3582229546363902 1.2388693325000002
decision_type=2 2 2 2 10 2
left_child=1 -1 3 4 -2 -3
right_child=2 5 -4 -5 -6 -7
leaf_value=-0.0021236714789433144 0.0011153093850145442 -0.00064644459552793158 0.015522628727471371 -0.0049850176690121317 0.0098446562932515223 0.0021366844604906294
leaf_weight=75919 41956 9674 5949 10967 1022 4223
leaf_count=75919 41956 9674 5949 10967 1022 4223
internal_value=-0.000472566 -0.00114984 0.00054308 0.000278497 0.000738896 0.000403898
internal_weight=149710 89816 59894 53945 42978 13897
internal_count=149710 89816 59894 53945 42978 13897
is_linear=0
shrinkage=0.05


Tree=42
num_leaves=7
num_cat=0
split_feature=4 1 7 1 2 8
split_gain=38.6072 28.9342 20.8175 12.329 14.3935 14.368
threshold=0.73372582134517972 18.500000000000004 1.1056902775000002 74.500000000000014 3.5000000000000004 0.98958124150000015
decision_type=10 2 2 2 2 2
left_child=-1 -2 3 4 5 -3
right_child=1 2 -4 -5 -6 -7
leaf_value=-0.0031532078292000896 0.0057183672952285233 -0.0027252178308171063 0.002960887791688644 -0.0017088542188249023 -0.0028723219880974083 0.0012571947446232863
leaf_weight=31389 21085 5819 5577 35765 17991 32583
leaf_count=31389 21085 5819 5577 35765 17991 32583
internal_value=-0.000494928 -8.28962e-05 -0.000445315 -0.000624872 -0.00016428 0.000382481
internal_weight=150209 118820 97735 92158 56393 38402
internal_count=150209 118820 97735 92158 56393 38402
is_linear=0
shrinkage=0.05


Tree=43
num_leaves=7
num_cat=0
split_feature=0 7 7 3 3 7
split_gain=33.9749 20.4003 16.1281 18.1996 15.3832 12.3467
threshold=81.500000000000014 0.98090606100000011 0.98516513150000007 -1.1267606479999996 19.806329085500003 1.0564700310000001
decision_type=2 2 2 2 2 2
left_child=1 -1 3 -3 -4 -2
right_child=5 2 4 -5 -6 -7
leaf_value=-0.0031386802225335433 0.00057394154087146568 0.00051627142555747327 -0.001121057228553792 0.0074187233143941577 0.0042844556944288429 0.0054908331131651895
leaf_weight=29759 38038 2201 66462 1171 3199 9366
leaf_count=29759 38038 2201 66462 1171 3199 9366
internal_value=-0.0004739 -0.000984563 -0.00053486 0.0028398 -0.000698405 0.000633423
internal_weight=150196 102792 73033 3372 69661 47404
internal_count=150196 102792 73033 3372 69661 47404
is_linear=0
shrinkage=0.05


Tree=44
num_leaves=7
num_cat=0
split_feature=5 0 4 3 8 8
split_gain=34.0035 18.0649 13.8336 13.5359 7.6307 11.182
threshold=15.500000000000002 109.50000000000001 0.65559046332217152 40.630156640500012 1.1498205515000002 1.1659274880000001
decision_type=2 2 10 2 2 2
left_child=2 3 -1 4 -2 -6
right_child=1 -3 -4 -5 5 -7
leaf_value=-0.0034807030065346287 -0.00083602752517604136 0.010636757303110247 -0.0012092722578648559 0.0097875356407835876 0.0049673636641790111 0.00038252033421568038
leaf_weight=19916 34511 8986 60431 1249 2265 22369
leaf_count=19916 34511 8986 60431 1249 2265 22369
internal_value=-0.00045271 0.000358145 -0.00115287 4.68539e-05 -6.21314e-05 0.000610007
internal_weight=149727 69380 80347 60394 59145 24634
internal_count=149727 69380 80347 60394 59145 24634
is_linear=0
shrinkage=0.05


Tree=45
num_leaves=7
num_cat=0
split_feature=9 0 3 7 7 9
split_gain=30.6056 22.0347 15.1603 12.744 13.7132 13.6343
threshold=13.500000000000002 102.50000000000001 35.857562003500007 0.98134478250000001 0.98516513150000007 50.500000000000007
decision_type=2 2 2 2 2 2
left_child=-1 2 3 5 -5 -2
right_child=1 -3 -4 4 -6 -7
leaf_value=-0.0025133505381775231 -0.002621386968108117 0.0058794102111011911 0.0082399653986865336 0.00618045054696972 -0.00015490819081577455 0.0029548736678077451
leaf_weight=43197 24302 14443 1439 2421 61130 3136
leaf_count=43197 24302 14443 1439 2421 61130 3136
internal_value=-0.000436722 1.72618e-05 -0.000266573 -0.000347222 4.16156e-05 -0.00124768
internal_weight=150068 106871 92428 90989 63551 27438
internal_count=150068 106871 92428 90989 63551 27438
is_linear=0
shrinkage=0.05


Tree=46
num_leaves=7
num_cat=0
split_feature=9 0 7 9 7 7
split_gain=28.227 23.5513 14.4543 12.5332 12.5089 10.8362
threshold=13.500000000000002 110.50000000000001 1.0922913080000003 49.500000000000007 0.98134478250000001 1.1056902775000002
decision_type=2 2 2 2 2 2
left_child=5 2 3 4 -2 -1
right_child=1 -3 -4 -5 -6 -7
leaf_value=-0.002758426598478273 -0.0023917586782157781 0.011972943739415119 0.0024289471862127205 0.0019171936488766722 -0.00017919687300619339 0.0021354649704623616
leaf_weight=40914 26032 7119 7872 12959 53083 2209
leaf_count=40914 26032 7119 7872 12959 53083 2209
internal_value=-0.000383441 5.16006e-05 -0.000146373 -0.000322225 -0.00055833 -0.00146344
internal_weight=150188 107065 99946 92074 79115 43123
internal_count=150188 107065 99946 92074 79115 43123
is_linear=0
shrinkage=0.05


Tree=47
num_leaves=7
num_cat=0
split_feature=4 7 0 9 0 8
split_gain=30.0632 20.2217 16.432 11.3471 10.6596 9.67314
threshold=0.70870398611286756 1.0907277055000002 97.500000000000014 11.500000000000002 118.50000000000001 1.3901918155000004
decision_type=10 2 2 2 2 2
left_child=-1 2 3 -2 -4 -5
right_child=1 -3 4 5 -6 -7
leaf_value=-0.0028692484146295274 -0.00265196821164769 0.0028852175674675155 0.0021734918953532031 -0.00022787117375375963 0.069457678708230483 -0.0027217521489021051
leaf_weight=27204 15298 10400 22873 69197 1090 4278
leaf_count=27204 15298 10400 22873 69197 1090 4278
internal_value=-0.000365494 -3.31339e-05 -0.00022778 -0.000541408 0.000933952 -0.000283412
internal_weight=150340 123136 112736 88773 23963 73475
internal_count=150340 123136 112736 88773 23963 73475
is_linear=0
shrinkage=0.05


Tree=48
num_leaves=7
num_cat=0
split_feature=5 0 4 8 2 4
split_gain=26.3999 12.6088 12.4292 9.04037 8.97311 6.52611
threshold=16.500000000000004 61.500000000000007 0.65559046332217152 1.1539373030000004 1.5000000000000002 1.3582229546363902
decision_type=2 2 10 2 2 10
left_child=2 3 -1 -2 -5 -3
right_child=1 5 -4 4 -6 -7
leaf_value=-0.0029507846963936525 -0.001625085573752472 0.0020226525314318879 -0.0010322563417827606 0.0011678979061550479 -0.0033633123168237758 0.0083549863144349069
leaf_weight=20116 12618 35440 68259 9214 2867 1338
leaf_count=20116 12618 35440 68259 9214 2867 1338
internal_value=-0.000403452 0.000392227 -0.000956948 -0.000481502 0.000496027 0.000978984
internal_weight=149852 61477 88375 24699 12081 36778
internal_count=149852 61477 88375 24699 12081 36778
is_linear=0
shrinkage=0.05


Tree=49
num_leaves=7
num_cat=0
split_feature=7 9 1 7 7 4
split_gain=23.2763 22.2791 17.9606 10.887 15.7463 19.4643
threshold=1.0922913080000003 11.500000000000002 8.5000000000000018 0.98134478250000001 0.9957365130000001 0.97661924982079984
decision_type=2 2 2 2 2 10
left_child=1 -1 -3 -4 5 -5
right_child=-2 2 3 4 -6 -7
leaf_value=-0.0027090793333587539 0.0021245381233273605 0.010015867453863941 -0.0016876807070157276 0.00020647605584283541 -0.00048790999234688492 0.004713325607248053
leaf_weight=33153 11642 6175 32378 6810 55111 4525
leaf_count=33153 11642 6175 32378 6810 55111 4525
internal_value=-0.00032724 -0.000508191 -0.000151376 -0.000314889 5.14653e-05 0.00174824
internal_weight=149794 138152 104999 98824 66446 11335
internal_count=149794 138152 104999 98824 66446 11335
is_linear=0
shrinkage=0.05


Tree=50
num_leaves=7
num_cat=0
split_feature=4 0 8 0 7 7
split_gain=22.322 15.0085 12.1624 10.7064 9.53035 7.19226
threshold=0.84930884632279369 113.50000000000001 1.0088530910000002 51.500000000000007 0.97717045650000012 1.1056902775000002
decision_type=10 2 2 2 2 2
left_child=4 2 -2 5 -1 -4
right_child=1 -3 3 -5 -6 -7
leaf_value=-0.0033407915475510046 -0.0018944859342402507 0.012092463375478403 -0.00073460492344610791 0.0016151574589536818 -0.0010804490257327922 0.0024214428690811276
leaf_weight=18187 23225 6138 25735 35999 39296 1680
leaf_count=18187 23225 6138 25735 35999 39296 1680
internal_value=-0.000359366 0.000120335 -4.89948e-05 0.000309527 -0.00113354 -0.000434903
internal_weight=150260 92777 86639 63414 57483 27415
internal_count=150260 92777 86639 63414 57483 27415
is_linear=0
shrinkage=0.05


Tree=51
num_leaves=7
num_cat=0
split_feature=3 0 2 7 7 8
split_gain=20.2524 11.7978 13.3124 9.24996 13.3247 27.6427
threshold=5.354152827500001 83.500000000000014 4.5000000000000009 0.98134478250000001 1.0005719330000002 1.1570813780000002
decision_type=2 2 2 2 2 2
left_child=1 2 -1 -2 5 -5
right_child=3 -3 -4 4 -6 -7
leaf_value=-0.0011653733855215311 -0.0014291616317738049 0.00040604498608777008 -0.0089473795048723749 0.0020732400175402601 0.00091292551337669942 0.0088342982454613136
leaf_weight=81420 8171 29985 4997 3298 20777 1425
leaf_count=81420 8171 29985 4997 3298 20777 1425
internal_value=-0.000362912 -0.000675304 -0.000971802 0.000716978 0.00118604 0.00358185
internal_weight=150073 116402 86417 33671 25500 4723
internal_count=150073 116402 86417 33671 25500 4723
is_linear=0
shrinkage=0.05


Tree=52
num_leaves=7
num_cat=0
split_feature=4 0 3 9 7 0
split_gain=20.3681 16.2109 11.1289 10.3568 11.0295 8.15738
threshold=0.70434005039903458 102.50000000000001 37.862400954000009 43.500000000000007 0.98134478250000001 118.50000000000001
decision_type=10 2 2 2 2 2
left_child=-1 2 3 4 -2 -3
right_child=1 5 -4 -5 -6 -7
leaf_value=-0.0022819868752267155 -0.0024434591404219109 0.0032535709424552071 0.0083865496536044051 0.0010740796207597421 -0.00034274790995791416 0.070295451641933612
leaf_weight=26635 24237 19010 1361 18000 59443 1145
leaf_count=26635 24237 19010 1361 18000 59443 1145
internal_value=-0.000331397 -6.03091e-05 -0.000313987 -0.000374196 -0.000608234 0.00123636
internal_weight=149831 123196 103041 101680 83680 20155
internal_count=149831 123196 103041 101680 83680 20155
is_linear=0
shrinkage=0.05


Tree=53
num_leaves=7
num_cat=0
split_feature=7 9 0 2 8 8
split_gain=19.2416 19.0237 11.2605 9.01331 8.27744 11.9014
threshold=1.0922913080000003 15.500000000000002 98.500000000000014 5.5000000000000009 1.4249687715000003 1.1498205515000002
decision_type=2 2 2 2 2 2
left_child=1 -1 3 4 5 -3
right_child=-2 2 -4 -5 -6 -7
leaf_value=-0.0021481934002490913 0.0020124877816613128 -0.00089093773530507536 0.0034310085478939977 -0.0083729921495803491 -0.002708073821796973 0.00095026233559488023
leaf_weight=46649 11734 42075 15863 2372 3206 28378
leaf_count=46649 11734 42075 15863 2372 3206 28378
internal_value=-0.000318303 -0.000482975 -6.55079e-05 -0.000318337 -0.00022053 -0.00010737
internal_weight=150277 138543 91894 76031 73659 70453
internal_count=150277 138543 91894 76031 73659 70453
is_linear=0
shrinkage=0.05


Tree=54
num_leaves=7
num_cat=0
split_feature=4 7 3 0 7 8
split_gain=18.2189 12.4146 10.5067 9.75018 9.11686 9.02109
threshold=0.79050714441498471 1.0922913080000003 22.018832677500004 114.50000000000001 0.97717045650000012 1.3576554165000003
decision_type=10 2 2 2 2 2
left_child=4 3 5 -2 -1 -3
right_child=1 2 -4 -5 -6 -7
leaf_value=-0.0032245794673798098 -0.00034689955102790219 0.00011976017675617871 0.011016669155756078 0.009976592327411488 -0.00095258145854275897 0.0035957230000552782
leaf_weight=13674 92782 5730 1386 5158 29225 1887
leaf_count=13674 92782 5730 1386 5158 29225 1887
internal_value=-0.000284358 6.48434e-05 0.00184114 -9.85259e-05 -0.00115479 0.0011106
internal_weight=149842 106943 9003 97940 42899 7617
internal_count=149842 106943 9003 97940 42899 7617
is_linear=0
shrinkage=0.05


Tree=55
num_leaves=7
num_cat=0
split_feature=5 7 7 8 3 8
split_gain=18.7223 10.9673 9.08024 7.70712 7.23486 6.99118
threshold=16.500000000000004 1.0468342860000004 1.1096761955000003 1.4517367140000002 13.877137545000002 1.2454544710000002
decision_type=2 2 2 2 2 2
left_child=1 -1 3 5 -3 -2
right_child=2 4 -4 -5 -6 -7
leaf_value=-0.0017317623460716401 0.00010201659874990752 2.5340412668703884e-05 0.0060636613427515647 -0.0026517594827856809 0.0069550917523266828 0.0024012685173319518
leaf_weight=68470 47060 19159 3172 1902 1014 9455
leaf_count=68470 47060 19159 3172 1902 1014 9455
internal_value=-0.000317233 -0.000782478 0.000352387 0.000210793 0.000242094 0.000316259
internal_weight=150232 88643 61589 58417 20173 56515
internal_count=150232 88643 61589 58417 20173 56515
is_linear=0
shrinkage=0.05


Tree=56
num_leaves=7
num_cat=0
split_feature=7 0 7 7 4 0
split_gain=14.999 12.5059 9.85711 9.43645 9.28645 7.51846
threshold=0.98090606100000011 38.500000000000007 0.99859820700000013 0.9823640050000001 1.4134067176919642 116.50000000000001
decision_type=2 2 2 2 10 2
left_child=5 2 -2 -3 -5 -1
right_child=1 3 -4 4 -6 -7
leaf_value=-0.001925173011687606 0.0013240135322847386 0.011286227480213911 -0.0012993881551735865 0.00045451672133793304 0.0094024795650903496 0.016298288607444329
leaf_weight=44297 6791 1091 28832 66512 1207 1469
leaf_count=44297 6791 1091 28832 66512 1207 1469
internal_value=-0.000313209 1.7569e-05 -0.000742816 0.000411246 0.000336733 -0.00106793
internal_weight=150199 104433 35623 68810 67719 45766
internal_count=150199 104433 35623 68810 67719 45766
is_linear=0
shrinkage=0.05


Tree=57
num_leaves=7
num_cat=0
split_feature=4 0 9 3 7 0
split_gain=16.6393 10.865 9.27873 8.84093 7.82041 6.9414
threshold=0.70870398611286756 116.50000000000001 9.5000000000000018 35.857562003500007 0.97662311600000018 57.500000000000007
decision_type=10 2 2 2 2 2
left_child=4 2 -2 5 -1 -4
right_child=1 -3 3 -5 -6 -7
leaf_value=-0.0034020028636872306 -0.0020294144902630682 0.017194111600104027 -0.00054351441640077089 0.0058442341788322062 -0.0012484066272263105 0.00078383037984013483
leaf_weight=8444 16690 3455 42439 2691 18825 57446
leaf_count=8444 16690 3455 42439 2691 18825 57446
internal_value=-0.000243009 5.25442e-06 -7.48727e-05 0.000103039 -0.00136009 2.67783e-05
internal_weight=149990 122721 119266 102576 27269 99885
internal_count=149990 122721 119266 102576 27269 99885
is_linear=0
shrinkage=0.05


Tree=58
num_leaves=7
num_cat=0
split_feature=0 2 7 8 9 2
split_gain=14.3208 15.8246 7.9762 12.132 10.6521 9.41636
threshold=94.500000000000014 5.5000000000000009 0.98090606100000011 0.84705965500000013 33.500000000000007 1.0000000180025095e-35
decision_type=2 2 2 2 2 2
left_child=1 2 4 -4 5 -1
right_child=-2 -3 3 -5 -6 -7
leaf_value=0.0001851679897099342 0.0021564035632916506 -0.010064987271584488 0.0048591270749708277 -0.00026223085096337161 0.0004693695660857993 -0.0031811130440473562
leaf_weight=5348 31170 3591 1020 81179 9343 18369
leaf_count=5348 31170 3591 1020 81179 9343 18369
internal_value=-0.000252959 -0.000503135 -0.000401211 -0.000137403 -0.00105701 -0.00162023
internal_weight=150020 118850 115259 82199 33060 23717
internal_count=150020 118850 115259 82199 33060 23717
is_linear=0
shrinkage=0.05


Tree=59
num_leaves=7
num_cat=0
split_feature=7 9 8 3 9 7
split_gain=13.9377 13.2931 8.91164 8.79869 8.72439 7.59239
threshold=1.0922913080000003 14.500000000000002 1.4249687715000003 27.844655124000003 59.500000000000007 0.98134478250000001
decision_type=2 2 2 2 2 2
left_child=1 -1 4 -2 5 -3
right_child=3 2 -4 -5 -6 -7
leaf_value=-0.0017873288688989696 0.0011599302635331838 -0.001183062621623127 -0.0026297756959358016 0.011015707571668965 0.0036212825403572494 0.00040494547436383801
leaf_weight=43139 10563 29351 3556 1021 5803 56662
leaf_count=43139 10563 29351 3556 1021 5803 56662
internal_value=-0.000243672 -0.000383026 -5.35781e-05 0.00142204 4.16015e-05 -8.50415e-05
internal_weight=150095 138511 95372 11584 91816 86013
internal_count=150095 138511 95372 11584 91816 86013
is_linear=0
shrinkage=0.05


Tree=60
num_leaves=7
num_cat=0
split_feature=4 0 0 8 8 8
split_gain=12.3522 9.84955 7.33288 7.01797 6.9477 6.76443
threshold=0.73372582134517972 68.500000000000014 118.50000000000001 1.1498205515000002 1.1583168575000002 0.86594695650000009
decision_type=10 2 2 2 2 2
left_child=-1 3 -3 5 -5 -2
right_child=1 2 -4 4 -6 -7
leaf_value=-0.001648714796873796 0.0015057692437158792 0.00077192064850579902 0.065854841771255807 0.0033155282634045736 -8.6830812242941058e-05 -0.001516624515905914
leaf_weight=31345 2252 56407 1142 1371 27548 29938
leaf_count=31345 2252 56407 1142 1371 27548 29938
internal_value=-0.00026642 -3.32045e-05 0.000436198 -0.000475261 9.00624e-05 -0.000983073
internal_weight=150003 118658 57549 61109 28919 32190
internal_count=150003 118658 57549 61109 28919 32190
is_linear=0
shrinkage=0.05


Tree=61
num_leaves=7
num_cat=0
split_feature=7 3 9 7 7 2
split_gain=12.9941 11.6521 8.77719 8.59219 10.213 8.24216
threshold=0.98090606100000011 5.354152827500001 41.500000000000007 1.0005719330000002 1.0110071485000003 1.0000000180025095e-35
decision_type=2 2 2 2 2 2
left_child=2 -2 5 -3 -5 -1
right_child=1 3 -4 4 -6 -7
leaf_value=0.00036738356704233273 -0.00034729619628673966 0.0038452429199619855 0.0010167436699127644 -0.0026519602339885556 0.0014585126051854013 -0.0026498793957418637
leaf_weight=5762 78875 4825 8270 2684 18098 31421
leaf_count=5762 78875 4825 8270 2684 18098 31421
internal_value=-0.000229593 7.74247e-05 -0.00093526 0.00100402 0.00056237 -0.00126291
internal_weight=149935 104482 45453 25607 20782 37183
internal_count=149935 104482 45453 25607 20782 37183
is_linear=0
shrinkage=0.05


Tree=62
num_leaves=7
num_cat=0
split_feature=9 0 7 2 0 8
split_gain=11.8124 9.91131 7.46601 7.23662 6.35975 6.29061
threshold=12.500000000000002 111.50000000000001 1.0531739995000002 5.5000000000000009 57.500000000000007 1.1498205515000002
decision_type=2 2 2 2 2 2
left_child=2 3 -1 4 5 -2
right_child=1 -3 -4 -5 -6 -7
leaf_value=-0.0021272719211350324 -0.0011552226758854286 0.0082992205328861271 0.00042647234912089556 -0.0047008736279725736 0.00068049837235624119 0.00019224164450986001
leaf_weight=31625 23855 6523 8035 6107 51654 22399
leaf_count=31625 23855 6523 8035 6107 51654 22399
internal_value=-0.000250595 1.50156e-05 -0.000990799 -0.000103587 6.11597e-07 -0.000425216
internal_weight=150198 110538 39660 104015 97908 46254
internal_count=150198 110538 39660 104015 97908 46254
is_linear=0
shrinkage=0.05


Tree=63
num_leaves=7
num_cat=0
split_feature=5 7 0 4 4 2
split_gain=11.6189 10.1762 6.12116 5.16548 5.15592 5.86453
threshold=16.500000000000004 1.0666280860000004 52.500000000000007 1.5305092055290797 0.65559046332217152 5.5000000000000009
decision_type=2 2 2 10 10 2
left_child=1 4 3 -2 5 -1
right_child=2 -3 -4 -5 -6 -7
leaf_value=-0.0016544810065471625 -0.0005960880793579932 0.00097225091006839209 0.0015260095171020949 0.0035093629222183553 -0.00090373593223925196 -0.014217810387069631
leaf_weight=15835 19818 12595 40572 1165 58350 1726
leaf_count=15835 19818 12595 40572 1165 58350 1726
internal_value=-0.000220937 -0.000587838 0.00030661 -0.000386651 -0.000806221 -0.00155727
internal_weight=150061 88506 61555 20983 75911 17561
internal_count=150061 88506 61555 20983 75911 17561
is_linear=0
shrinkage=0.05


Tree=64
num_leaves=7
num_cat=0
split_feature=7 4 3 8 8 8
split_gain=10.9303 8.18973 6.97841 5.92049 9.27704 15.1596
threshold=1.0922913080000003 0.84930884632279369 27.844655124000003 1.3901918155000004 1.3143849750000001 1.3265075255000001
decision_type=2 10 2 2 2 2
left_child=1 -1 -2 4 -3 -6
right_child=2 3 -4 -5 5 -7
leaf_value=-0.0013151181264898382 0.00096221323645686522 -0.00010872610864414484 0.0087593515350570441 -0.0020434597629488266 0.0055417351704876439 0.0012485535568213853
leaf_weight=53798 10555 75048 1003 4176 1002 4609
leaf_count=53798 10555 75048 1003 4176 1002 4609
internal_value=-0.000209095 -0.000332269 0.00126784 -2.6227e-05 6.88647e-05 0.00202902
internal_weight=150191 138633 11558 84835 80659 5611
internal_count=150191 138633 11558 84835 80659 5611
is_linear=0
shrinkage=0.05


Tree=65
num_leaves=7
num_cat=0
split_feature=9 7 3 0 4 7
split_gain=11.4638 9.07883 8.30536 6.59494 4.8213 4.4865
threshold=15.500000000000002 1.0531739995000002 35.857562003500007 109.50000000000001 1.3754259072692452 0.89419755350000008
decision_type=2 2 2 2 10 2
left_child=1 -1 3 5 -4 -2
right_child=2 -3 4 -5 -6 -7
leaf_value=-0.0018401235641142882 0.0020859675461574342 0.0006092487622410118 0.0017993213596855526 0.0061517911812101521 0.0086790206811771416 -0.0001860308145014511
leaf_weight=40338 1146 10391 1522 6637 1137 89185
leaf_count=40338 1146 10391 1522 6637 1137 89185
internal_value=-0.000211027 -0.000822822 0.000100519 2.48511e-05 0.00285473 -8.69543e-05
internal_weight=150356 50729 99627 96968 2659 90331
internal_count=150356 50729 99627 96968 2659 90331
is_linear=0
shrinkage=0.05


Tree=66
num_leaves=7
num_cat=0
split_feature=7 2 8 9 1 7
split_gain=11.3811 11.5709 31.9808 8.77307 8.30675 10.4782
threshold=0.98090606100000011 1.0000000180025095e-35 1.2113875100000002 35.500000000000007 19.500000000000004 0.9957365130000001
decision_type=2 2 2 2 2 2
left_child=1 2 -1 -3 -2 -6
right_child=4 3 -4 -5 5 -7
leaf_value=-0.0011007947388144196 0.0041172699260540874 -0.0027834787682982768 0.0058630423792121293 0.0001041751682900269 0.0018587941646410696 -0.00040895722074979761
leaf_weight=5024 15064 28155 1749 10659 14059 75186
leaf_count=5024 15064 28155 1749 10659 14059 75186
internal_value=-0.000187325 -0.000846312 0.00106005 -0.00117906 0.000100704 -8.26342e-05
internal_weight=149896 45587 6773 38814 104309 89245
internal_count=149896 45587 6773 38814 104309 89245
is_linear=0
shrinkage=0.05


Tree=67
num_leaves=7
num_cat=0
split_feature=7 3 2 8 9 4
split_gain=10.8422 9.46859 8.60522 20.893 7.98507 7.48454
threshold=0.98090606100000011 5.8401219830000004 1.0000000180025095e-35 1.2454544710000002 51.500000000000007 1.4383940507522852
decision_type=2 2 2 2 2 10
left_child=2 -2 3 -1 -4 -3
right_child=1 5 4 -5 -6 -7
leaf_value=-0.00066574710029696947 -0.00028935901528860561 0.00092340779979907777 -0.002311011539451578 0.0058595962122231617 0.0021860822719494354 0.005169527258797206
leaf_weight=5288 79754 22077 35453 1524 3327 2667
leaf_count=5288 79754 22077 35453 1524 3327 2667
internal_value=-0.000204538 7.61689e-05 -0.000847864 0.000790669 -0.00113575 0.000930541
internal_weight=150090 104498 45592 6812 38780 24744
internal_count=150090 104498 45592 6812 38780 24744
is_linear=0
shrinkage=0.05


Tree=68
num_leaves=7
num_cat=0
split_feature=9 0 8 8 3 8
split_gain=8.98057 7.48487 7.48464 8.34764 5.14871 4.41518
threshold=10.500000000000002 97.500000000000014 0.99165079850000015 0.98000216300000009 35.857562003500007 0.89785508650000012
decision_type=2 2 2 2 2 2
left_child=-1 2 3 5 -4 -2
right_child=1 -3 4 -5 -6 -7
leaf_value=-0.0013401313127131805 0.00019441882354690252 0.0024955624250635796 -9.192237608861739e-06 -0.0078423456184156595 0.0064029697909937597 -0.002077608716046197
leaf_weight=32331 8205 21307 75300 1814 1109 10222
leaf_count=32331 8205 21307 75300 1814 1109 10222
internal_value=-0.000200543 1.82143e-06 -0.000185196 -0.00103996 4.12871e-05 -0.000720759
internal_weight=150288 117957 96650 20241 76409 18427
internal_count=150288 117957 96650 20241 76409 18427
is_linear=0
shrinkage=0.05


Tree=69
num_leaves=7
num_cat=0
split_feature=7 4 5 3 9 7
split_gain=9.32373 8.75089 7.74532 7.39741 6.9158 6.11345
threshold=0.98090606100000011 1.4383940507522852 31.500000000000004 22.878424782500002 40.500000000000007 0.98516513150000007
decision_type=2 10 2 2 2 2
left_child=4 2 5 -3 -1 -2
right_child=1 3 -4 -5 -6 -7
leaf_value=-0.0016439678690779035 0.0031013928306998593 0.0006933824500618555 0.0060594003658025353 0.0075597635809634871 0.00072225231777829245 -0.00028781161788734108
leaf_weight=36665 4537 2175 2517 1279 8826 93818
leaf_count=36665 4537 2175 2517 1279 8826 93818
internal_value=-0.000209483 5.09904e-05 -3.38047e-05 0.00252385 -0.000806775 -0.000103956
internal_weight=149817 104326 100872 3454 45491 98355
internal_count=149817 104326 100872 3454 45491 98355
is_linear=0
shrinkage=0.05


Tree=70
num_leaves=7
num_cat=0
split_feature=7 2 7 0 9 3
split_gain=9.18245 8.33809 15.3418 9.19519 8.53686 8.01603
threshold=0.98090606100000011 1.0000000180025095e-35 0.95658633950000016 12.500000000000002 50.500000000000007 40.630156640500012
decision_type=2 2 2 2 2 2
left_child=1 2 3 -1 -3 -2
right_child=5 4 -4 -5 -6 -7
leaf_value=0.00034791801054805734 2.5561171903200663e-05 -0.0021598647290494207 -0.0010420119803348552 0.0047667684109844125 0.0025350609581275586 0.007628660619696942
leaf_weight=1414 102390 35277 3659 1694 3631 1793
leaf_count=1414 102390 35277 3659 1694 3631 1793
internal_value=-0.000184436 -0.000775505 0.000843915 0.00342435 -0.00105723 7.47195e-05
internal_weight=149858 45675 6767 3108 38908 104183
internal_count=149858 45675 6767 3108 38908 104183
is_linear=0
shrinkage=0.05


Tree=71
num_leaves=7
num_cat=0
split_feature=7 9 8 0 2 8
split_gain=8.59085 8.81934 7.79573 5.30369 11.3043 6.08374
threshold=1.0922913080000003 10.500000000000002 1.4517367140000002 104.50000000000001 5.5000000000000009 1.1498205515000002
decision_type=2 2 2 2 2 2
left_child=1 -1 3 4 5 -3
right_child=-2 2 -4 -5 -6 -7
leaf_value=-0.0015670964982316183 0.0015039284358683057 -0.0004683872216850224 -0.0026989400389824478 0.0031808205040570929 -0.0062985872430633937 0.00074994163894179732
leaf_weight=30014 11652 53119 3250 12642 4364 34995
leaf_count=30014 11652 53119 3250 12642 4364 34995
internal_value=-0.00016349 -0.000273289 -6.32077e-05 1.14138e-05 -0.000119915 3.17633e-06
internal_weight=150036 138384 108370 105120 92478 88114
internal_count=150036 138384 108370 105120 92478 88114
is_linear=0
shrinkage=0.05


Tree=72
num_leaves=7
num_cat=0
split_feature=9 0 8 8 7 8
split_gain=8.501 7.00664 5.51333 8.43642 5.14992 7.54524
threshold=11.500000000000002 98.500000000000014 0.99165079850000015 0.98000216300000009 1.0005719330000002 0.89441412050000013
decision_type=2 2 2 2 2 2
left_child=-1 2 3 4 5 -2
right_child=1 -3 -4 -5 -6 -7
leaf_value=-0.0012167342370265927 0.00026741670381872604 0.0027102784669958465 7.0050497456619254e-05 -0.0069383013853712427 0.0010798010381091339 -0.0031234185316388239
leaf_weight=35906 6095 19694 74588 1773 5191 6838
leaf_count=35906 6095 19694 74588 1773 5191 6838
internal_value=-0.000176395 3.46359e-05 -0.000144196 -0.000883581 -0.000560981 -0.00109484
internal_weight=150085 114179 94485 19897 18124 12933
internal_count=150085 114179 94485 19897 18124 12933
is_linear=0
shrinkage=0.05


Tree=73
num_leaves=7
num_cat=0
split_feature=7 9 0 3 3 3
split_gain=8.02943 6.79061 5.74049 5.24889 4.72492 4.96445
threshold=1.0922913080000003 10.500000000000002 111.50000000000001 27.844655124000003 -40.311267006999991 -33.531143984999993
decision_type=2 2 2 2 2 2
left_child=1 -1 4 -2 -3 -6
right_child=3 2 -4 -5 5 -7
leaf_value=-0.0013611124722959233 0.00090640029020118299 -0.0053696666946533309 0.0060773573372409012 0.0074567645506572952 0.0031928927064131599 -0.00021795346786063032
leaf_weight=29998 10715 2502 6356 1027 2541 96851
leaf_count=29998 10715 2502 6356 1027 2541 96851
internal_value=-0.000140673 -0.000247301 -6.28158e-05 0.00111433 -0.000153781 -9.97024e-05
internal_weight=149990 138248 108250 11742 101894 99392
internal_count=149990 138248 108250 11742 101894 99392
is_linear=0
shrinkage=0.05


Tree=74
num_leaves=7
num_cat=0
split_feature=7 7 6 8 7 4
split_gain=7.27906 7.4601 9.03883 9.71469 7.29413 7.11363
threshold=0.98090606100000011 0.95127642350000008 1.0000000180025095e-35 1.1555353710000003 0.98188359350000021 1.4383940507522852
decision_type=2 2 2 2 2 10
left_child=1 2 3 -1 -2 -6
right_child=4 -3 -4 -5 5 -7
leaf_value=0.00042003120309073918 0.0084582712815330606 -0.0018065392499220937 -0.0018426313775967186 0.0048749300270755332 -3.4090098926680894e-05 0.0030582720175156516
leaf_weight=8874 1210 24517 10350 2003 99676 3435
leaf_count=8874 1210 24517 10350 2003 99676 3435
internal_value=-0.00013144 -0.000657283 2.89645e-05 0.00103519 9.91591e-05 5.37732e-05
internal_weight=150065 45744 21227 10877 104321 103111
internal_count=150065 45744 21227 10877 104321 103111
is_linear=0
shrinkage=0.05


Tree=75
num_leaves=7
num_cat=0
split_feature=9 3 3 0 7 7
split_gain=8.22511 5.63637 5.17445 4.24688 3.73348 3.13544
threshold=16.500000000000004 40.630156640500012 -38.838816215499996 112.50000000000001 1.0531739995000002 1.0392186250000004
decision_type=2 2 2 2 2 2
left_child=2 3 -1 -2 5 -4
right_child=1 -3 4 -5 -6 -7
leaf_value=-0.0097124690373976749 8.8115899260108688e-06 0.0058384146626718134 -0.00098480020806028523 0.0078485266969007192 0.00032943837896160915 -0.0031394928345623596
leaf_weight=1487 89857 1810 37527 4335 10980 4047
leaf_count=1487 89857 1810 37527 4335 10980 4047
internal_value=-0.000145055 0.000132697 -0.000638439 7.9513e-05 -0.000555948 -0.000772507
internal_weight=150043 96002 54041 94192 52554 41574
internal_count=150043 96002 54041 94192 52554 41574
is_linear=0
shrinkage=0.05


Tree=76
num_leaves=7
num_cat=0
split_feature=6 7 2 7 7 7
split_gain=7.18146 5.98519 7.85492 12.9718 6.38486 6.06413
threshold=1.5000000000000002 0.98134478250000001 1.0000000180025095e-35 0.98581728700000004 0.98291032550000013 0.95127642350000008
decision_type=2 2 2 2 2 2
left_child=1 5 3 -3 -4 -1
right_child=-2 2 4 -5 -6 -7
leaf_value=0.00017815751461281069 -0.0025146809201097887 0.007075993355778242 0.0051655929777069953 -0.00093282416606967782 0.00060939909556178055 -0.0014682847469335383
leaf_weight=18259 15696 1043 1246 19942 71986 21958
leaf_count=18259 15696 1043 1246 19942 71986 21958
internal_value=-0.0001492 -3.1019e-05 0.000186951 -0.000665794 0.000431338 -0.00054162
internal_weight=150130 134434 94217 20985 73232 40217
internal_count=150130 134434 94217 20985 73232 40217
is_linear=0
shrinkage=0.05


Tree=77
num_leaves=7
num_cat=0
split_feature=7 8 8 8 8 7
split_gain=6.80238 7.80129 7.63804 15.8851 10.126 6.8219
threshold=1.0922913080000003 1.4367788705000002 1.2454544710000002 1.2638937910000003 1.2789877875000002 0.97597822150000013
decision_type=2 2 2 2 2 2
left_child=1 2 5 -4 -5 -1
right_child=-2 -3 3 4 -6 -7
leaf_value=-0.0014026886479070479 0.0014654669924540945 -0.0023926655813802204 0.004553419443951599 -0.0030210882277724393 0.00086236643497103124 -0.00010679788920103847
leaf_weight=37441 11666 4492 3133 2378 15710 75246
leaf_count=37441 11666 4492 3133 2378 15710 75246
internal_value=-0.000146465 -0.000244212 -0.000175414 0.000694666 0.000124909 -0.000339289
internal_weight=150066 138400 133908 21221 18088 112687
internal_count=150066 138400 133908 21221 18088 112687
is_linear=0
shrinkage=0.05


end of trees

feature_importances:
legal_balls=118
crease_sr_idx=82
crease_balls=56
crease_avg_idx=48
runs_vs_par=46
run_rate_rel=43
wickets=31
balls_remaining=26
runs_last_12=16
wickets_last_12=2

parameters:
[boosting: gbdt]
[objective: quantile]
[metric: quantile]
[tree_learner: serial]
[device_type: cpu]
[data_sample_strategy: bagging]
[data: ]
[valid: ]
[num_iterations: 78]
[learning_rate: 0.05]
[num_leaves: 7]
[num_threads: 12]
[seed: 7]
[deterministic: 1]
[force_col_wise: 0]
[force_row_wise: 1]
[histogram_pool_size: -1]
[max_depth: -1]
[min_data_in_leaf: 1000]
[min_sum_hessian_in_leaf: 0.001]
[bagging_fraction: 0.8]
[pos_bagging_fraction: 1]
[neg_bagging_fraction: 1]
[bagging_freq: 1]
[bagging_seed: 17422]
[bagging_by_query: 0]
[feature_fraction: 0.8]
[feature_fraction_bynode: 1]
[feature_fraction_seed: 7040]
[extra_trees: 0]
[extra_seed: 6516]
[early_stopping_round: 0]
[early_stopping_min_delta: 0]
[first_metric_only: 0]
[max_delta_step: 0]
[lambda_l1: 0]
[lambda_l2: 5]
[linear_lambda: 0]
[min_gain_to_split: 0]
[drop_rate: 0.1]
[max_drop: 50]
[skip_drop: 0.5]
[xgboost_dart_mode: 0]
[uniform_drop: 0]
[drop_seed: 15215]
[top_rate: 0.2]
[other_rate: 0.1]
[min_data_per_group: 100]
[max_cat_threshold: 32]
[cat_l2: 10]
[cat_smooth: 10]
[max_cat_to_onehot: 4]
[top_k: 20]
[monotone_constraints: ]
[monotone_constraints_method: basic]
[monotone_penalty: 0]
[feature_contri: ]
[forcedsplits_filename: ]
[refit_decay_rate: 0.9]
[cegb_tradeoff: 1]
[cegb_penalty_split: 0]
[cegb_penalty_feature_lazy: ]
[cegb_penalty_feature_coupled: ]
[path_smooth: 0]
[interaction_constraints: ]
[verbosity: -1]
[saved_feature_importance_type: 0]
[use_quantized_grad: 0]
[num_grad_quant_bins: 4]
[quant_train_renew_leaf: 0]
[stochastic_rounding: 1]
[linear_tree: 0]
[max_bin: 255]
[max_bin_by_feature: ]
[min_data_in_bin: 3]
[bin_construct_sample_cnt: 200000]
[data_random_seed: 61]
[is_enable_sparse: 1]
[enable_bundle: 1]
[use_missing: 1]
[zero_as_missing: 0]
[feature_pre_filter: 1]
[pre_partition: 0]
[two_round: 0]
[header: 0]
[label_column: ]
[weight_column: ]
[group_column: ]
[ignore_column: ]
[categorical_feature: ]
[forcedbins_filename: ]
[precise_float_parser: 0]
[parser_config_file: ]
[objective_seed: 15521]
[num_class: 1]
[is_unbalance: 0]
[scale_pos_weight: 1]
[sigmoid: 1]
[boost_from_average: 1]
[reg_sqrt: 0]
[alpha: 0.9]
[fair_c: 1]
[poisson_max_delta_step: 0.7]
[tweedie_variance_power: 1.5]
[lambdarank_truncation_level: 30]
[lambdarank_norm: 1]
[label_gain: ]
[lambdarank_position_bias_regularization: 0]
[eval_at: ]
[multi_error_top_k: 1]
[auc_mu_weights: ]
[num_machines: 1]
[local_listen_port: 12400]
[time_out: 120]
[machine_list_filename: ]
[machines: ]
[gpu_platform_id: -1]
[gpu_device_id: -1]
[gpu_device_id_list: ]
[gpu_use_dp: 0]
[num_gpu: 1]

end of parameters

pandas_categorical:null
