tree
version=v4
num_class=1
num_tree_per_iteration=1
label_index=0
max_feature_idx=9
objective=quantile
feature_names=legal_balls balls_remaining wickets runs_vs_par run_rate_rel runs_last_12 wickets_last_12 crease_sr_idx crease_avg_idx crease_balls
feature_infos=[0:119] [1:120] [0:9] [-86.099541732000006:111.581242707] [0:8.3184877693433137] [0:60] [0:5] [0.79223889800000002:1.289539974] [0.51074293000000004:1.899443998] [0:115]
tree_sizes=752 797 795 804 797 799 803 798 804 806 802 803 805 802 808 804 802 808 809 809 809 805 811 809 812 806 807 808 807 807 811 816 815 817 813 818 813 819 809 819 818 816 816 819 816 821 815 819 817 809 816 817 821 815 821 814 813 814 816 805 815 817 819 819 809 812 813 818 816 818 815 818 817 820 817 807 823 817 830 822 811 822 818 818 819 811 819 820 822 820 817 817 811 811 824 820 807 817 821 822 814 812 814

Tree=0
num_leaves=7
num_cat=0
split_feature=0 0 5 0 9 2
split_gain=810.895 83.6082 64.856 43.0507 23.1556 20.0352
threshold=99.500000000000014 83.500000000000014 14.500000000000002 107.50000000000001 12.500000000000002 5.5000000000000009
decision_type=2 2 2 2 2 2
left_child=1 -1 -2 5 -5 -4
right_child=2 -3 3 4 -6 -7
leaf_value=1.7577502060052907 1.7911074536724398 1.7762863682333319 1.791197125278029 1.8225806112912664 1.8283582568168639 1.7766611417327993
leaf_weight=105003 6275 20045 5595 2855 8693 1459
leaf_count=105003 6275 20045 5595 2855 8693 1459
internal_value=1.77196 1.77032 1.7802 1.78169 1.78357 1.7786
internal_weight=149925 125048 24877 18602 11548 7054
internal_count=149925 125048 24877 18602 11548 7054
is_linear=0
shrinkage=1


Tree=1
num_leaves=7
num_cat=0
split_feature=0 0 0 2 9 5
split_gain=678.905 78.1402 45.6936 40.3185 29.2049 19.5517
threshold=95.500000000000014 110.50000000000001 80.500000000000014 5.5000000000000009 10.500000000000002 16.500000000000004
decision_type=2 2 2 2 2 2
left_child=2 3 -1 5 -3 -2
right_child=1 4 -4 -5 -6 -7
leaf_value=-0.014238250616897831 0.010088066787703217 0.047278032919628579 0.0015540727376935572 0.0047815629952201091 0.056869001909287259 0.019230780747382284
leaf_weight=101450 4212 3084 18873 5542 7893 9284
leaf_count=101450 4212 3084 18873 5542 7893 9284
internal_value=-0.000105726 0.006621 -0.00178394 0.00468177 0.00998065 0.00615584
internal_weight=150338 30015 120323 19038 10977 13496
internal_count=150338 30015 120323 19038 10977 13496
is_linear=0
shrinkage=0.05


Tree=2
num_leaves=7
num_cat=0
split_feature=1 1 1 2 5 9
split_gain=596.912 66.5723 46.8043 39.0008 19.2793 18.5438
threshold=23.500000000000004 6.5000000000000009 43.500000000000007 5.5000000000000009 17.500000000000004 15.500000000000002
decision_type=2 2 2 2 2 2
left_child=1 5 -2 4 -3 -1
right_child=2 3 -4 -5 -6 -7
leaf_value=0.056021002104686801 0.00066195707009097536 0.012007282407893963 -0.014343666621691077 0.0083878847513730349 0.021988006174529052 0.068561822001547548
leaf_weight=2984 25020 4922 96546 7091 9384 4249
leaf_count=2984 25020 4922 96546 7091 9384 4249
internal_value=-0.000207656 0.00628689 -0.00173738 0.00488307 0.00638565 0.0104335
internal_weight=150196 28630 121566 21397 14306 7233
internal_count=150196 28630 121566 21397 14306 7233
is_linear=0
shrinkage=0.05


Tree=3
num_leaves=7
num_cat=0
split_feature=0 0 0 5 3 7
split_gain=511.087 61.6532 35.9342 32.1115 21.3183 18.9261
threshold=94.500000000000014 105.50000000000001 69.500000000000014 14.500000000000002 1.0000000180025095e-35 1.0564700310000001
decision_type=2 2 2 2 2 2
left_child=2 4 -1 -3 -2 -5
right_child=1 3 -4 5 -6 -7
leaf_value=-0.014809108959451268 0.0046660303102150366 0.019875558416737132 -0.0011993352919952779 0.040219648878540862 0.015248840388992402 0.054797057333775684
leaf_weight=87576 8459 4015 31365 10634 5403 2586
leaf_count=87576 8459 4015 31365 10634 5403 2586
internal_value=-0.000295216 0.00541147 -0.00178739 0.00740792 0.00292745 0.00859735
internal_weight=150038 31097 118941 17235 13862 13220
internal_count=150038 31097 118941 17235 13862 13220
is_linear=0
shrinkage=0.05


Tree=4
num_leaves=7
num_cat=0
split_feature=1 1 3 1 9 8
split_gain=433.33 68.9264 32.4498 24.0337 14.8563 14.5017
threshold=28.500000000000004 7.5000000000000009 0.28522582600000007 54.500000000000007 14.500000000000002 0.99401569350000007
decision_type=2 2 2 2 2 2
left_child=1 4 -3 -2 -1 -4
right_child=3 2 5 -5 -6 -7
leaf_value=0.047809740431107486 -0.0027090130533602287 0.0068277314381793011 0.01047184438248437 -0.014630002671757425 0.054149957150739496 0.018908659209929009
leaf_weight=3252 32674 15857 3383 82862 5158 7103
leaf_count=3252 32674 15857 3383 82862 5158 7103
internal_value=-0.00039471 0.00450019 0.00324095 -0.00186722 0.00844028 0.00539844
internal_weight=150289 34753 26343 115536 8410 10486
internal_count=150289 34753 26343 115536 8410 10486
is_linear=0
shrinkage=0.05


Tree=5
num_leaves=7
num_cat=0
split_feature=0 0 0 9 0 4
split_gain=396.791 58.4736 26.5523 25.0769 16.3802 14.834
threshold=92.500000000000014 104.50000000000001 63.500000000000007 12.500000000000002 116.50000000000001 0.93172915732563533
decision_type=2 2 2 2 2 10
left_child=2 5 -1 -3 -5 -2
right_child=1 3 -4 4 -6 -7
leaf_value=-0.014215721232499479 0.001307702142401125 0.029663239946794012 -0.0027654150029312059 0.023842612101425419 0.099417926878654139 0.01055039427972021
leaf_weight=80057 6806 5459 36199 10923 2249 8299
leaf_count=80057 6806 5459 36199 10923 2249 8299
internal_value=-0.000416542 0.00435701 -0.00180189 0.00623108 0.00741216 0.00204418
internal_weight=149992 33736 116256 18631 13172 15105
internal_count=149992 33736 116256 18631 13172 15105
is_linear=0
shrinkage=0.05


Tree=6
num_leaves=7
num_cat=0
split_feature=0 0 0 5 3 3
split_gain=349.916 40.9573 39.574 23.9338 13.0442 11.2787
threshold=96.500000000000014 114.50000000000001 74.500000000000014 15.500000000000002 32.267940581000005 1.0000000180025095e-35
decision_type=2 2 2 2 2 2
left_child=2 3 -1 -2 -4 -5
right_child=1 -3 4 5 -6 -7
leaf_value=-0.012211560055194377 0.005167485874092618 0.055814060316498937 -0.00072933525167925741 0.011350260456718006 0.0098212589988463279 0.020348057951640398
leaf_weight=93907 7443 6017 26347 7042 1116 8061
leaf_count=93907 7443 6017 26347 7042 1116 8061
internal_value=-0.000463409 0.00451528 -0.00163522 0.00353576 3.43121e-05 0.00467914
internal_weight=149933 28563 121370 22546 27463 15103
internal_count=149933 28563 121370 22546 27463 15103
is_linear=0
shrinkage=0.05


Tree=7
num_leaves=7
num_cat=0
split_feature=0 0 0 2 0 9
split_gain=305.201 51.0431 25.2575 20.7166 15.2592 16.919
threshold=91.500000000000014 108.50000000000001 61.500000000000007 4.5000000000000009 117.50000000000001 9.5000000000000018
decision_type=2 2 2 2 2 2
left_child=2 3 -1 -2 5 -3
right_child=1 4 -4 -5 -6 -7
leaf_value=-0.013143859491528033 0.010849486372107829 0.014039966141536573 -0.0026645159078148104 0.0015480425134142964 0.10752353289937827 0.028724271948773861
leaf_weight=77473 11331 2513 37641 10089 2365 8544
leaf_count=77473 11331 2513 37641 10089 2365 8544
internal_value=-0.000507066 0.0035927 -0.00174806 0.00207701 0.0060099 0.00522577
internal_weight=149956 34842 115114 21420 13422 11057
internal_count=149956 34842 115114 21420 13422 11057
is_linear=0
shrinkage=0.05


Tree=8
num_leaves=7
num_cat=0
split_feature=0 0 0 2 7 3
split_gain=276.713 42.6473 22.7362 17.8791 14.8326 11.7485
threshold=90.500000000000014 107.50000000000001 56.500000000000007 4.5000000000000009 1.0564700310000001 33.856397860500003
decision_type=2 2 2 2 2 2
left_child=2 3 -1 -2 -3 -4
right_child=1 4 5 -5 -6 -7
leaf_value=-0.013224654571592566 0.010082988970705956 0.028689658227462129 -0.0038984644569774311 0.0008089066757571555 0.048423128211884409 0.0072585925454428102
leaf_weight=71137 11710 12302 41523 9650 2461 1060
leaf_count=71137 11710 12302 41523 9650 2461 1060
internal_value=-0.00052258 0.00328948 -0.00173357 0.00186052 0.00535567 -0.000819656
internal_weight=149843 36123 113720 21360 14763 42583
internal_count=149843 36123 113720 21360 14763 42583
is_linear=0
shrinkage=0.05


Tree=9
num_leaves=7
num_cat=0
split_feature=1 1 3 1 5 7
split_gain=246.258 35.0889 30.7007 23.5659 19.2375 9.77577
threshold=26.500000000000004 5.5000000000000009 35.857562003500007 58.500000000000007 16.500000000000004 1.0876543670000001
decision_type=2 2 2 2 2 2
left_child=1 -1 3 -2 -3 -6
right_child=2 4 -4 -5 5 -7
leaf_value=0.051678802916841841 -0.0027090096856519086 0.0039819266874526844 0.0088752864705623612 -0.012009429654169113 0.010962289248613657 0.027688988298069508
leaf_weight=5965 39102 10593 1125 77436 13899 1932
leaf_count=5965 39102 10593 1125 77436 13899 1932
internal_value=-0.000557989 0.00330239 -0.00162073 -0.00170019 0.00251958 0.00362292
internal_weight=150052 32389 117663 116538 26424 15831
internal_count=150052 32389 117663 116538 26424 15831
is_linear=0
shrinkage=0.05


Tree=10
num_leaves=7
num_cat=0
split_feature=0 0 3 0 8 7
split_gain=219.043 39.1095 18.6118 18.1329 14.2184 10.0866
threshold=87.500000000000014 111.50000000000001 40.630156640500012 52.500000000000007 1.0064913005000002 1.0564700310000001
decision_type=2 2 2 2 2 2
left_child=3 2 4 -1 -2 -3
right_child=1 5 -4 -5 -6 -7
leaf_value=-0.012523445413177958 0.0008579770326558483 0.032292096513481881 0.018574356088596904 -0.0040684326738651541 0.0082574554557255896 0.053282638511421287
leaf_weight=66371 13825 8285 1065 43701 15284 1468
leaf_count=66371 13825 8285 1065 43701 15284 1468
internal_value=-0.000593301 0.00257895 0.00168876 -0.00174405 0.00145042 0.00533075
internal_weight=149999 39927 30174 110072 29109 9753
internal_count=149999 39927 30174 110072 29109 9753
is_linear=0
shrinkage=0.05


Tree=11
num_leaves=7
num_cat=0
split_feature=1 1 3 1 4 8
split_gain=197.48 33.1187 21.999 17.284 16.9675 9.4849
threshold=30.500000000000004 4.5000000000000009 33.856397860500003 64.500000000000014 0.99019171881479962 1.0192833085000002
decision_type=2 2 2 2 10 2
left_child=1 -1 3 -2 -3 -6
right_child=2 4 -4 -5 5 -7
leaf_value=0.058633898444599986 -0.003789950684849819 0.0042627675418840756 0.0064575997582175804 -0.011534322215227511 0.0082183388510126791 0.015158614236102992
leaf_weight=4795 41530 18463 1201 69890 5718 8442
leaf_count=4795 41530 18463 1201 69890 5718 8442
internal_value=-0.000616137 0.00253066 -0.00166172 -0.00173435 0.00195974 0.00326156
internal_weight=150039 37418 112621 111420 32623 14160
internal_count=150039 37418 112621 111420 32623 14160
is_linear=0
shrinkage=0.05


Tree=12
num_leaves=7
num_cat=0
split_feature=1 1 1 1 2 9
split_gain=178.93 35.7936 16.9421 16.9184 14.8513 13.2403
threshold=34.500000000000007 16.500000000000004 69.500000000000014 2.5000000000000004 4.5000000000000009 12.500000000000002
decision_type=2 2 2 2 2 2
left_child=1 3 -2 -1 -3 -5
right_child=2 4 -4 5 -6 -7
leaf_value=0.091630030718986594 -0.0039498855421567988 0.005708230728177846 -0.011453528324646979 0.0064875494555279552 -0.0035067687436411837 0.016812043729539383
leaf_weight=2368 43467 14051 63973 4855 8600 12497
leaf_count=2368 43467 14051 63973 4855 8600 12497
internal_value=-0.000630624 0.00212083 -0.00171576 0.00367807 0.000764587 0.00313533
internal_weight=149811 42371 107440 19720 22651 17352
internal_count=149811 42371 107440 19720 22651 17352
is_linear=0
shrinkage=0.05


Tree=13
num_leaves=7
num_cat=0
split_feature=0 0 0 0 2 2
split_gain=159.606 31.3235 16.9012 15.3842 12.3583 10.408
threshold=84.500000000000014 103.50000000000001 117.50000000000001 49.500000000000007 4.5000000000000009 4.5000000000000009
decision_type=2 2 2 2 2 2
left_child=3 4 5 -1 -2 -3
right_child=1 2 -4 -5 -6 -7
leaf_value=-0.01094234304714058 0.0050337636915782991 0.020009534185437008 0.089473492261722479 -0.0040377407290347446 -0.0033121677731377929 0.010763299158644029
leaf_weight=62700 14939 6007 2341 43809 8961 11425
leaf_count=62700 14939 6007 2341 43809 8961 11425
internal_value=-0.000651555 0.0018938 0.00336573 -0.00169529 0.00067559 0.00282847
internal_weight=150182 43673 19773 106509 23900 17432
internal_count=150182 43673 19773 106509 23900 17432
is_linear=0
shrinkage=0.05


Tree=14
num_leaves=7
num_cat=0
split_feature=0 0 0 3 9 3
split_gain=143.524 31.9671 16.1268 14.9199 12.9637 10.5349
threshold=82.500000000000014 102.50000000000001 118.50000000000001 32.267940581000005 37.500000000000007 -10.7997539975
decision_type=2 2 2 2 2 2
left_child=3 5 -3 4 -1 -2
right_child=1 2 -4 -5 -6 -7
leaf_value=-0.0095375207021821118 -0.0029101247246417503 0.01380446059745556 0.093752595366858815 0.0046536539028888468 -0.0019749698387282605 0.0042570918191347151
leaf_weight=84611 11205 19944 1149 1047 18305 14057
leaf_count=84611 11205 19944 1149 1047 18305 14057
internal_value=-0.000680502 0.00163314 0.00306984 -0.00171214 -0.00177262 0.000433173
internal_weight=150318 46355 21093 103963 102916 25262
internal_count=150318 46355 21093 103963 102916 25262
is_linear=0
shrinkage=0.05


Tree=15
num_leaves=7
num_cat=0
split_feature=0 0 0 7 5 0
split_gain=133.174 24.7577 16.4282 12.5887 9.45033 9.02596
threshold=85.500000000000014 111.50000000000001 53.500000000000007 1.0876543670000001 16.500000000000004 118.50000000000001
decision_type=2 2 2 2 2 2
left_child=2 3 -1 -2 -4 -3
right_child=1 5 4 -5 -6 -7
leaf_value=-0.0097278302280997837 0.0026757568305104769 0.020916079168405939 -0.005368404389207348 0.015064886135881222 0.00047979791410739781 0.088611190879699223
leaf_weight=67830 29306 8572 24622 3422 15287 1163
leaf_count=67830 29306 8572 24622 3422 15287 1163
internal_value=-0.000671441 0.00169993 -0.0016061 0.00104115 -0.000801035 0.00391299
internal_weight=150202 42463 107739 32728 39909 9735
internal_count=150202 42463 107739 32728 39909 9735
is_linear=0
shrinkage=0.05


Tree=16
num_leaves=7
num_cat=0
split_feature=0 0 9 4 8 7
split_gain=118.451 20.6276 19.8085 9.91976 7.71665 6.1013
threshold=89.500000000000014 113.50000000000001 34.500000000000007 0.93788733140346825 1.0172666560000001 1.0546164800000002
decision_type=2 2 2 10 2 2
left_child=2 3 -1 -2 -5 -3
right_child=1 5 -4 4 -6 -7
leaf_value=-0.0086439324749253126 0.00077679633536041582 0.026263527814032458 -0.0013137643564862542 0.0029905279439922695 0.010517038960827787 0.06231184523764062
leaf_weight=84359 13496 6146 27924 6862 9778 1123
leaf_count=84359 13496 6146 27924 6862 9778 1123
internal_value=-0.000684869 0.00175187 -0.00149667 0.00117481 0.00199159 0.00414181
internal_weight=149688 37405 112283 30136 16640 7269
internal_count=149688 37405 112283 30136 16640 7269
is_linear=0
shrinkage=0.05


Tree=17
num_leaves=7
num_cat=0
split_feature=0 0 0 0 5 7
split_gain=109.35 22.2452 14.7386 10.9268 9.59503 8.32187
threshold=83.500000000000014 104.50000000000001 48.500000000000007 118.50000000000001 23.500000000000004 1.0629306445000004
decision_type=2 2 2 2 2 2
left_child=2 5 -1 -3 -4 -2
right_child=1 3 4 -5 -6 -7
leaf_value=-0.0092237645788872322 0.00014072811199357114 0.013332599472996337 -0.0042070807690202366 0.081377584714830795 0.0030338635362951527 0.0076004751872322251
leaf_weight=61446 21439 17365 39472 1163 4182 4981
leaf_count=61446 21439 17365 39472 1163 4182 4981
internal_value=-0.000676228 0.00138767 -0.00155892 0.0027157 -0.000856296 0.000456007
internal_weight=150048 44948 105100 18528 43654 26420
internal_count=150048 44948 105100 18528 43654 26420
is_linear=0
shrinkage=0.05


Tree=18
num_leaves=7
num_cat=0
split_feature=0 0 3 0 2 7
split_gain=99.9675 18.6739 15.8006 11.105 10.5685 8.01893
threshold=82.500000000000014 108.50000000000001 19.806329085500003 48.500000000000007 5.5000000000000009 1.0876543670000001
decision_type=2 2 2 2 2 2
left_child=2 4 3 -1 5 -2
right_child=1 -3 -4 -5 -6 -7
leaf_value=-0.0089639938460154955 0.0028123590666941753 0.01933945993044283 0.0036794907147545096 -0.0038801261359952561 -0.0063991357990808469 0.012730772308537417
leaf_weight=60414 22789 13476 4118 39603 6758 3173
leaf_count=60414 22789 13476 4118 39603 6758 3173
internal_value=-0.000682322 0.00125344 -0.00154108 -0.00166606 0.000608097 0.00106655
internal_weight=150331 46196 104135 100017 32720 25962
internal_count=150331 46196 104135 100017 32720 25962
is_linear=0
shrinkage=0.05


Tree=19
num_leaves=7
num_cat=0
split_feature=0 3 9 0 5 7
split_gain=91.5517 17.91 15.0137 14.7046 12.0954 6.80848
threshold=86.500000000000014 33.856397860500003 33.500000000000007 116.50000000000001 16.500000000000004 0.9741590670000001
decision_type=2 2 2 2 2 2
left_child=1 2 -1 4 -2 -6
right_child=3 -3 -4 -5 5 -7
leaf_value=-0.0078301221281182817 -7.2077110885815485e-05 0.005757037744821147 -0.0016713527568750219 0.054328956545852819 0.00085116462646763499 0.010254542662449809
leaf_weight=80731 15846 1063 27242 3527 5657 16083
leaf_count=80731 15846 1063 27242 3527 5657 16083
internal_value=-0.000683449 -0.00144157 -0.00150524 0.00132709 0.00103708 0.00180271
internal_weight=150149 109036 107973 41113 37586 21740
internal_count=150149 109036 107973 41113 37586 21740
is_linear=0
shrinkage=0.05


Tree=20
num_leaves=7
num_cat=0
split_feature=0 0 2 0 7 7
split_gain=84.9579 20.5289 11.4871 9.78212 7.2668 6.18066
threshold=75.500000000000014 101.50000000000001 3.5000000000000004 44.500000000000007 0.98581728700000004 1.0666280860000004
decision_type=2 2 2 2 2 2
left_child=3 2 -2 -1 -3 -4
right_child=1 4 5 -5 -6 -7
leaf_value=-0.0082549410444911469 0.0032702413064572828 0.0045634662945968178 -0.0048693100258929301 -0.0036891539671487423 0.014682102790093033 0.004269511230150771
leaf_weight=56702 14509 8968 14975 38568 13359 3098
leaf_count=56702 14509 8968 14975 38568 13359 3098
internal_value=-0.000681814 0.00088461 8.42354e-05 -0.00158462 0.00205232 -0.00075686
internal_weight=150179 54909 32582 95270 22327 18073
internal_count=150179 54909 32582 95270 22327 18073
is_linear=0
shrinkage=0.05


Tree=21
num_leaves=7
num_cat=0
split_feature=0 5 4 3 0 7
split_gain=78.2708 17.7937 12.2474 11.305 10.8237 8.17246
threshold=74.500000000000014 16.500000000000004 1.3582229546363902 19.177065947500001 106.50000000000001 1.0666280860000004
decision_type=2 2 10 2 2 2
left_child=3 5 4 -1 -3 -2
right_child=1 2 -4 -5 -6 -7
leaf_value=-0.0064899997632506274 -0.0021914396237608393 0.0023126376794942215 0.015546164171984093 0.0031728665199418377 0.018856825060938262 0.0061824370761740001
leaf_weight=90636 21944 19290 1011 3451 10442 3473
leaf_count=90636 21944 19290 1011 3451 10442 3473
internal_value=-0.000674983 0.0008021 0.00161124 -0.00155664 0.00142651 -0.000176718
internal_weight=150247 56160 30743 94087 29732 25417
internal_count=150247 56160 30743 94087 29732 25417
is_linear=0
shrinkage=0.05


Tree=22
num_leaves=7
num_cat=0
split_feature=0 0 3 2 9 0
split_gain=69.5804 15.6948 11.3534 9.59861 8.85826 6.34528
threshold=75.500000000000014 101.50000000000001 19.177065947500001 3.5000000000000004 35.500000000000007 118.50000000000001
decision_type=2 2 2 2 2 2
left_child=2 3 4 -2 -1 -3
right_child=1 5 -4 -5 -6 -7
leaf_value=-0.0072243251854569703 0.0030805081813188081 0.0085346402808759003 0.0033822324166093531 -0.0029833323363359599 -0.0018880681910405388 0.074621301796583467
leaf_weight=75666 14330 21084 3527 18233 15923 1162
leaf_count=75666 14330 21084 3527 18233 15923 1162
internal_value=-0.000681402 0.000737539 -0.00149904 3.81503e-05 -0.00160625 0.00176104
internal_weight=149925 54809 95116 32563 91589 22246
internal_count=149925 54809 95116 32563 91589 22246
is_linear=0
shrinkage=0.05


Tree=23
num_leaves=7
num_cat=0
split_feature=0 3 9 4 4 0
split_gain=67.4278 14.313 10.6906 10.5553 7.70325 6.93626
threshold=82.500000000000014 19.177065947500001 34.500000000000007 0.9236841169992539 1.3431850097158333 111.50000000000001
decision_type=2 2 2 10 10 2
left_child=1 2 -1 -2 5 -5
right_child=3 -3 -4 4 -6 -7
leaf_value=-0.0067201278045865426 0.00010585255184884752 0.0034206041832685143 -0.0017770003861915238 0.0033421770943379663 0.015394348767078597 0.024070816058368746
leaf_weight=78403 18985 4373 21134 19767 1070 6381
leaf_count=78403 18985 4373 21134 19767 1070 6381
internal_value=-0.000671689 -0.00137829 -0.0015013 0.000917427 0.00154851 0.00137766
internal_weight=150113 103910 99537 46203 27218 26148
internal_count=150113 103910 99537 46203 27218 26148
is_linear=0
shrinkage=0.05


Tree=24
num_leaves=7
num_cat=0
split_feature=0 4 0 3 0 8
split_gain=61.0128 11.7884 11.2288 9.93338 8.59655 6.09088
threshold=78.500000000000014 0.78779789955611268 42.500000000000007 48.699253667000008 113.50000000000001 1.0042146855000003
decision_type=2 10 2 2 2 2
left_child=2 -2 -1 4 -3 -4
right_child=1 3 5 -5 -6 -7
leaf_value=-0.0070222694797263388 -0.0060236416843178989 0.0022614669650682022 -0.0073141776218120045 0.017322912960195228 0.027270091814813505 -0.0016935651825570855
leaf_weight=53710 7800 35844 11108 1084 6335 33903
leaf_count=53710 7800 35844 11108 1084 6335 33903
internal_value=-0.000665003 0.000738084 -0.00139074 0.00106066 0.000938803 -0.000808102
internal_weight=149784 51063 98721 43263 42179 45011
internal_count=149784 51063 98721 43263 42179 45011
is_linear=0
shrinkage=0.05


Tree=25
num_leaves=7
num_cat=0
split_feature=0 5 4 3 0 7
split_gain=59.1376 17.8571 8.76597 8.1523 7.37957 6.84298
threshold=65.500000000000014 16.500000000000004 1.3582229546363902 22.018832677500004 100.50000000000001 1.0666280860000004
decision_type=2 2 10 2 2 2
left_child=3 5 4 -1 -3 -2
right_child=1 2 -4 -5 -6 -7
leaf_value=-0.0057127878570931078 -0.0029605782260376185 0.0012773437970436648 0.01271427497511543 0.0033776932670615228 0.011582045751796808 0.0037142966210367903
leaf_weight=80860 27860 18925 1238 1777 14947 4500
leaf_count=80860 27860 18925 1238 1777 14947 4500
internal_value=-0.000649632 0.000448684 0.00122953 -0.00154634 0.00107802 -0.000398579
internal_weight=150107 67470 35110 82637 33872 32360
internal_count=150107 67470 35110 82637 33872 32360
is_linear=0
shrinkage=0.05


Tree=26
num_leaves=7
num_cat=0
split_feature=0 4 0 3 4 7
split_gain=53.724 16.1323 15.491 10.4951 9.03693 7.55211
threshold=67.500000000000014 1.3754259072692452 100.50000000000001 20.531429845000002 0.79311306984798458 1.0876543670000001
decision_type=2 10 2 2 10 2
left_child=3 2 4 -1 -2 -4
right_child=1 -3 5 -5 -6 -7
leaf_value=-0.0053366238263623635 -0.0072750543407694504 0.013943071364213376 0.0066605629209520734 0.0033780948186414718 0.00059550252323874609 0.025873991502186462
leaf_weight=82515 8834 1129 21263 2324 31970 1930
leaf_count=82515 8834 1129 21263 2324 31970 1930
internal_value=-0.000618208 0.000461915 0.000357137 -0.00144733 -0.000229362 0.0013888
internal_weight=149965 65126 63997 84839 40804 23193
internal_count=149965 65126 63997 84839 40804 23193
is_linear=0
shrinkage=0.05


Tree=27
num_leaves=7
num_cat=0
split_feature=0 5 3 3 0 7
split_gain=48.4823 16.9593 8.08505 7.57888 5.48428 4.91449
threshold=59.500000000000007 16.500000000000004 48.699253667000008 22.018832677500004 102.50000000000001 1.1291081445000002
decision_type=2 2 2 2 2 2
left_child=3 5 4 -1 -3 -2
right_child=1 2 -4 -5 -6 -7
leaf_value=-0.0054707968408654554 -0.0021507970511875254 0.0011962970947080934 0.015069616792310701 0.0030163065326178503 0.011872848187109816 0.008091497209945727
leaf_weight=73797 36096 23273 1126 1370 13163 1251
leaf_count=73797 36096 23273 1126 1370 13163 1251
internal_value=-0.000654914 0.000245314 0.000995421 -0.00155201 0.000866057 -0.000509143
internal_weight=150076 74909 37562 75167 36436 37347
internal_count=150076 74909 37562 75167 36436 37347
is_linear=0
shrinkage=0.05


Tree=28
num_leaves=7
num_cat=0
split_feature=0 5 3 7 5 7
split_gain=46.7817 15.5455 7.43545 6.1917 5.61046 4.72486
threshold=60.500000000000007 15.500000000000002 12.308120844000003 0.97489216750000007 34.500000000000007 1.0711816605000004
decision_type=2 2 2 2 2 2
left_child=2 -2 -1 -3 -5 -4
right_child=1 3 5 4 -6 -7
leaf_value=-0.0053417603322870391 -0.0019894079161894818 -0.00043789129596106808 -0.0022015482999625984 0.0041222845097496005 0.019840677630613483 0.003909684516926192
leaf_weight=70875 32302 10913 4216 29103 1255 1184
leaf_count=70875 32302 10913 4216 29103 1255 1184
internal_value=-0.000643097 0.000256428 -0.00151072 0.000899372 0.00126651 0.00027752
internal_weight=149848 73573 76275 41271 30358 5400
internal_count=149848 73573 76275 41271 30358 5400
is_linear=0
shrinkage=0.05


Tree=29
num_leaves=7
num_cat=0
split_feature=0 4 4 0 7 3
split_gain=41.1297 14.8678 9.1175 9.09628 6.89787 6.56377
threshold=59.500000000000007 0.79311306984798458 1.3927276912895887 115.50000000000001 0.97489216750000007 21.254065632500005
decision_type=2 10 10 2 2 2
left_child=5 -2 3 4 -3 -1
right_child=1 2 -4 -5 -6 -7
leaf_value=-0.0048843670795731603 -0.0059418915405140228 -0.0023077049046703662 0.012262375754981177 0.0383972377269447 0.001952076069173082 0.0026130823289316702
leaf_weight=73754 14303 14518 1045 4329 40829 1562
leaf_count=73754 14303 14518 1045 4329 40829 1562
internal_value=-0.000658154 0.000170467 0.000512095 0.00043079 0.00025803 -0.00148352
internal_weight=150340 75024 60721 59676 55347 75316
internal_count=150340 75024 60721 59676 55347 75316
is_linear=0
shrinkage=0.05


Tree=30
num_leaves=7
num_cat=0
split_feature=0 5 3 3 0 7
split_gain=40.5762 14.3128 6.97666 6.30358 5.70257 5.53051
threshold=57.500000000000007 15.500000000000002 48.699253667000008 6.6162584090000012 116.50000000000001 0.97489216750000007
decision_type=2 2 2 2 2 2
left_child=3 -2 4 -1 5 -3
right_child=1 2 -4 -5 -6 -7
leaf_value=-0.0053013757802378826 -0.0021724725514997126 -0.0016616520183013702 0.012663736341798315 -0.00098028443657677614 0.049171102373710793 0.0031718060057605475
leaf_weight=62938 34381 10253 1116 9835 2527 28959
leaf_count=62938 34381 10253 1116 9835 2527 28959
internal_value=-0.000608427 0.000189795 0.000799404 -0.00145556 0.00069477 0.000546191
internal_weight=150009 77236 42855 72773 41739 39212
internal_count=150009 77236 42855 72773 41739 39212
is_linear=0
shrinkage=0.05


Tree=31
num_leaves=7
num_cat=0
split_feature=1 4 4 1 8 9
split_gain=38.0341 13.4748 8.27843 7.99412 5.70771 4.13097
threshold=63.500000000000007 0.78779789955611268 1.3927276912895887 12.500000000000002 1.0042146855000003 20.500000000000004
decision_type=2 10 10 2 2 2
left_child=1 -1 3 -3 -5 -2
right_child=5 2 -4 4 -6 -7
leaf_value=-0.0056320672715580071 -0.0059111121462825274 0.011734972538588824 0.010642840469534502 -0.0027495477111796895 0.0013173690118689738 -0.0026934786240178439
leaf_weight=14494 43012 13045 1125 15424 34337 28205
leaf_count=14494 43012 13045 1125 15424 34337 28205
internal_value=-0.000634193 0.00012543 0.000437507 0.000361162 7.22877e-05 -0.00147065
internal_weight=149642 78425 63931 62806 49761 71217
internal_count=149642 78425 63931 62806 49761 71217
is_linear=0
shrinkage=0.05


Tree=32
num_leaves=7
num_cat=0
split_feature=0 9 4 3 7 7
split_gain=35.7048 12.8399 6.40014 4.58992 4.33274 4.03474
threshold=81.500000000000014 21.500000000000004 0.93172915732563533 13.064009241500001 0.98581728700000004 1.0064748005000002
decision_type=2 2 10 2 2 2
left_child=1 -1 -2 -3 -4 -6
right_child=2 3 4 -5 5 -7
leaf_value=-0.0054165382138474279 -0.00060418896598565699 -0.001994776072493707 0.00030161633232640082 0.0016220017632453351 0.013435145113194345 0.0050348226485461009
leaf_weight=52655 20530 43120 8568 6691 3936 14466
leaf_count=52655 20530 43120 8568 6691 3936 14466
internal_value=-0.000607885 -0.00113315 0.000525207 -0.000557603 0.00103151 0.00146384
internal_weight=149966 102466 47500 49811 26970 18402
internal_count=149966 102466 47500 49811 26970 18402
is_linear=0
shrinkage=0.05


Tree=33
num_leaves=7
num_cat=0
split_feature=0 0 8 4 0 8
split_gain=35.2054 10.8634 7.52606 7.2309 5.37762 4.27293
threshold=81.500000000000014 40.500000000000007 0.99165079850000015 0.78779789955611268 118.50000000000001 0.85521222900000005
decision_type=2 2 2 10 2 2
left_child=1 -1 -3 -2 5 -5
right_child=3 2 -4 4 -6 -7
leaf_value=-0.0048121693984957527 -0.0053444975840059236 -0.0063163684112218137 -0.00079391107878912844 -0.0024544052948285607 0.062809086934368236 0.0037381977092259232
leaf_weight=51409 6905 11253 39911 5808 1106 33497
leaf_count=51409 6905 11253 39911 5808 1106 33497
internal_value=-0.000597573 -0.001118 -0.000602123 0.000530631 0.000786136 0.000689073
internal_weight=149889 102573 51164 47316 40411 39305
internal_count=149889 102573 51164 47316 40411 39305
is_linear=0
shrinkage=0.05


Tree=34
num_leaves=7
num_cat=0
split_feature=0 4 7 0 3 8
split_gain=31.3347 11.4716 7.35633 6.53931 6.48323 4.5014
threshold=55.500000000000007 0.73372582134517972 0.97489216750000007 93.500000000000014 22.018832677500004 1.0000007110000002
decision_type=2 10 2 2 2 2
left_child=4 -2 -3 5 -1 -4
right_child=1 2 3 -5 -6 -7
leaf_value=-0.0040276822707643349 -0.0066939033925589812 -0.0019591216624262621 -0.0045276113269409578 0.0067423733879716828 0.002731492717712761 0.0011138036915080919
leaf_weight=69257 8894 19423 5693 21434 1134 24565
leaf_count=69257 8894 19423 5693 21434 1134 24565
internal_value=-0.000589742 8.72029e-05 0.000298966 0.000610673 -0.00135913 0.000137296
internal_weight=150400 80009 71115 51692 70391 30258
internal_count=150400 80009 71115 51692 70391 30258
is_linear=0
shrinkage=0.05


Tree=35
num_leaves=7
num_cat=0
split_feature=0 9 7 8 8 8
split_gain=29.1284 12.8229 5.38725 4.89185 4.60731 4.41072
threshold=92.500000000000014 19.500000000000004 1.0564700310000001 0.99165079850000015 1.4249687715000003 1.2509439210000004
decision_type=2 2 2 2 2 2
left_child=1 -1 5 -3 -5 -2
right_child=2 3 -4 4 -6 -7
leaf_value=-0.0048948783566366517 0.0011591163899133739 -0.0046360023565768498 0.010718257425086085 -0.00050218359521491198 -0.0042530765851630887 0.0083491962112917251
leaf_weight=51251 25551 12213 6404 49323 3452 1653
leaf_count=51251 25551 12213 6404 49323 3452 1653
internal_value=-0.000612722 -0.000987557 0.000683663 -0.000521134 -0.000312382 0.000376345
internal_weight=149847 116239 33608 64988 52775 27204
internal_count=149847 116239 33608 64988 52775 27204
is_linear=0
shrinkage=0.05


Tree=36
num_leaves=7
num_cat=0
split_feature=1 5 7 4 1 4
split_gain=29.0085 11.8991 6.0364 4.98958 4.19468 3.39329
threshold=78.500000000000014 16.500000000000004 1.0666280860000004 1.4134067176919642 9.5000000000000018 0.71288145084161025
decision_type=2 2 2 10 2 10
left_child=1 2 5 4 -3 -1
right_child=-2 3 -4 -5 -6 -7
leaf_value=-0.007073521530367468 -0.0041362858050371636 0.017042420542795953 0.0018666000667831575 0.0070376681537324647 0.00067158427915336516 -0.0019804563745271825
leaf_weight=7938 52774 7420 7178 1127 36624 37072
leaf_count=7938 52774 7420 7178 1127 36624 37072
internal_value=-0.000556372 -4.46526e-05 -0.000558888 0.000549462 0.000465163 -0.000773632
internal_weight=150133 97359 52188 45171 44044 45010
internal_count=150133 97359 52188 45171 44044 45010
is_linear=0
shrinkage=0.05


Tree=37
num_leaves=7
num_cat=0
split_feature=3 9 7 9 7 7
split_gain=19.0519 11.5163 10.5867 4.88801 4.0301 5.95318
threshold=11.938280939500002 19.500000000000004 1.1133962795000001 46.500000000000007 0.97819282600000013 0.99162884300000009
decision_type=2 2 2 2 2 2
left_child=1 -1 -2 4 -3 -6
right_child=2 3 -4 -5 5 -7
leaf_value=-0.0042470877989730709 0.0019064228525196337 -0.0041559170491513083 0.012384459253221257 0.0013942150928701734 0.0032565555552271212 -0.0014065802537578092
leaf_weight=59207 19492 16919 1345 13429 5383 34227
leaf_count=59207 19492 16919 1345 13429 5383 34227
internal_value=-0.000546008 -0.000772336 0.000856803 -0.000337965 -0.000541666 -0.000265683
internal_weight=150002 129165 20837 69958 56529 39610
internal_count=150002 129165 20837 69958 56529 39610
is_linear=0
shrinkage=0.05


Tree=38
num_leaves=7
num_cat=0
split_feature=0 4 4 9 0 5
split_gain=26.2577 8.651 5.82423 5.80607 5.7567 3.75461
threshold=63.500000000000007 0.74629647103603058 1.3754259072692452 16.500000000000004 113.50000000000001 15.500000000000002
decision_type=2 10 10 2 2 2
left_child=3 -2 4 -1 5 -3
right_child=1 2 -4 -5 -6 -7
leaf_value=-0.00460467080117174 -0.0060487299114601522 -0.0012290956693338574 0.0090360863229604176 -0.0018285799614401908 0.020333105807250052 0.0016028663831422528
leaf_weight=36315 8074 22238 1213 43802 6680 31695
leaf_count=36315 8074 22238 1213 43802 6680 31695
internal_value=-0.000541538 0.000166654 0.000367695 -0.00115939 0.000298879 0.000127322
internal_weight=150017 69900 61826 80117 60613 53933
internal_count=150017 69900 61826 80117 60613 53933
is_linear=0
shrinkage=0.05


Tree=39
num_leaves=7
num_cat=0
split_feature=0 4 0 8 8 7
split_gain=24.0897 10.298 7.55232 6.30784 5.07089 3.92602
threshold=40.500000000000007 0.73372582134517972 101.50000000000001 1.0042146855000003 1.0321013790000002 0.93445296200000005
decision_type=2 10 2 2 2 2
left_child=-1 -2 3 -3 -5 -6
right_child=1 2 -4 4 5 -7
leaf_value=-0.0036443208278700984 -0.0049947455389485231 -0.0034516644656655084 0.0065011153315061021 0.0054430476329046735 -0.0053754399403931931 0.00024919468130086094
leaf_weight=51501 12366 17528 20983 3886 1632 42276
leaf_count=51501 12366 17528 20983 3886 1632 42276
internal_value=-0.000528244 -7.07118e-05 0.000122668 -0.000142438 0.000155128 1.82119e-06
internal_weight=150172 98671 86305 65322 47794 43908
internal_count=150172 98671 86305 65322 47794 43908
is_linear=0
shrinkage=0.05


Tree=40
num_leaves=7
num_cat=0
split_feature=1 4 1 8 8 1
split_gain=22.5923 10.3242 7.29202 6.06285 4.62759 3.66045
threshold=82.500000000000014 0.73067751868106268 26.500000000000004 0.99165079850000015 1.3479232185000003 1.5000000000000002
decision_type=2 10 2 2 2 2
left_child=1 -1 4 -4 5 -3
right_child=-2 2 3 -5 -6 -7
leaf_value=-0.0047697330125627234 -0.0035619971879693058 0.054630371240689139 -0.0043225328668221553 0.00010317272362990346 0.012184935383993262 0.0026669774818609496
leaf_weight=12848 47592 1135 12476 46733 1243 28071
leaf_count=12848 47592 1135 12476 46733 1243 28071
internal_value=-0.000498625 -8.06261e-05 0.000109353 -0.000214012 0.00073808 0.000610557
internal_weight=150098 102506 89658 59209 30449 29206
internal_count=150098 102506 89658 59209 30449 29206
is_linear=0
shrinkage=0.05


Tree=41
num_leaves=7
num_cat=0
split_feature=0 9 3 0 8 8
split_gain=19.3202 10.9626 4.21885 3.88356 3.63798 4.00978
threshold=80.500000000000014 18.500000000000004 -40.311267006999991 118.50000000000001 0.99165079850000015 1.4367788705000002
decision_type=2 2 2 2 2 2
left_child=1 -1 -2 -4 -3 -6
right_child=2 4 3 -5 5 -7
leaf_value=-0.0039711235397410904 -0.0085635905157805028 -0.0038087686886228165 0.0015622023329256779 0.052413499257279485 -0.00033658790509255815 -0.0041164632094474679
leaf_weight=44806 2594 9754 44885 1111 43546 3014
leaf_count=44806 2594 9754 44885 1111 43546 3014
internal_value=-0.000508133 -0.000901855 0.000311245 0.000421947 -0.00043742 -0.00025341
internal_weight=149710 101120 48590 45996 56314 46560
internal_count=149710 101120 48590 45996 56314 46560
is_linear=0
shrinkage=0.05


Tree=42
num_leaves=7
num_cat=0
split_feature=1 4 4 1 8 7
split_gain=19.569 9.67393 7.86531 7.39466 5.32227 3.7943
threshold=79.500000000000014 0.72360245109206678 1.4134067176919642 10.500000000000002 1.0042146855000003 1.1056902775000002
decision_type=2 10 10 2 2 2
left_child=1 -1 3 -3 -5 -2
right_child=5 2 -4 4 -6 -7
leaf_value=-0.0047279191204339507 -0.0035102943222491152 0.011352674013574621 0.0067331081947604706 -0.0028024669950382167 0.00039906501470826465 0.0014867976822245598
leaf_weight=11244 49016 11632 1275 22317 52041 2684
leaf_count=11244 49016 11632 1275 22317 52041 2684
internal_value=-0.000487788 -7.43301e-05 0.000103557 4.56416e-05 -0.000137771 -0.00127551
internal_weight=150209 98509 87265 85990 74358 51700
internal_count=150209 98509 87265 85990 74358 51700
is_linear=0
shrinkage=0.05


Tree=43
num_leaves=7
num_cat=0
split_feature=0 4 0 8 7 3
split_gain=17.2288 8.6766 6.0828 4.88625 3.95096 3.71244
threshold=37.500000000000007 0.71689719564218446 98.500000000000014 0.99165079850000015 1.0876543670000001 7.1466483805000012
decision_type=2 10 2 2 2 2
left_child=5 -2 3 -3 -4 -1
right_child=1 2 4 -5 -6 -7
leaf_value=-0.0035539655763743186 -0.0044974970240433017 -0.0036162584431712742 0.0030449533212556492 6.6343105946361179e-05 0.017134130883036541 0.00013960095868693898
leaf_weight=43119 11219 15051 22454 51279 2328 4746
leaf_count=43119 11219 15051 22454 51279 2328 4746
internal_value=-0.000484285 -0.000118019 4.35698e-05 -0.000206151 0.000711864 -0.00126723
internal_weight=150196 102331 91112 66330 24782 47865
internal_count=150196 102331 91112 66330 24782 47865
is_linear=0
shrinkage=0.05


Tree=44
num_leaves=7
num_cat=0
split_feature=0 9 0 4 8 8
split_gain=15.653 10.0821 4.26249 4.19105 3.81191 3.77358
threshold=91.500000000000014 16.500000000000004 118.50000000000001 1.4930436350670515 0.99165079850000015 1.3677919460000003
decision_type=2 2 2 10 2 2
left_child=1 -1 5 4 -3 -2
right_child=2 3 -4 -5 -6 -7
leaf_value=-0.0036242483898665193 0.0012471702878459104 -0.0035414886462796233 0.051686568911444401 0.0029590302606737019 -0.00067616397792665179 0.013099483090488412
leaf_weight=42558 32574 13748 1186 1050 57606 1005
leaf_count=42558 32574 13748 1186 1050 57606 1005
internal_value=-0.000481311 -0.000762437 0.000448303 -0.000403403 -0.000449629 0.000343988
internal_weight=149727 114962 34765 72404 71354 33579
internal_count=149727 114962 34765 72404 71354 33579
is_linear=0
shrinkage=0.05


Tree=45
num_leaves=7
num_cat=0
split_feature=0 7 0 9 8 7
split_gain=16.5264 7.43799 6.31993 5.32081 4.91628 7.68747
threshold=36.500000000000007 0.97489216750000007 100.50000000000001 50.500000000000007 1.0000007110000002 0.99162884300000009
decision_type=2 2 2 2 2 2
left_child=-1 3 4 -2 -3 -6
right_child=1 2 -4 -5 5 -7
leaf_value=-0.0030149572540554056 -0.0041479012879724357 -0.0029381391380566284 0.0065061029683634117 0.0029542093765221838 0.0042899246382728171 -0.00021698440607953494
leaf_weight=46528 25223 11538 16063 3725 6039 40952
leaf_count=46528 25223 11538 16063 3725 6039 40952
internal_value=-0.000445917 -9.41626e-05 0.000169845 -0.000774359 -7.1284e-05 0.000155811
internal_weight=150068 103540 74592 28948 58529 46991
internal_count=150068 103540 74592 28948 58529 46991
is_linear=0
shrinkage=0.05


Tree=46
num_leaves=7
num_cat=0
split_feature=0 9 0 7 8 7
split_gain=15.4117 8.60875 5.04724 4.72619 3.3716 7.36266
threshold=77.500000000000014 16.500000000000004 118.50000000000001 0.97489216750000007 1.1539373030000004 0.99916400900000013
decision_type=2 2 2 2 2 2
left_child=1 -1 3 -2 -3 -6
right_child=2 4 -4 -5 5 -7
leaf_value=-0.0034037291562981522 -0.0022163003235650272 -0.0019513257573686511 0.048252548306771947 0.0020269692965551329 0.0023242866823087595 -0.0010453484387917969
leaf_weight=39150 14824 31502 1177 36492 7782 19261
leaf_count=39150 14824 31502 1177 36492 7782 19261
internal_value=-0.000403948 -0.000775205 0.00028701 0.000212583 -0.000391333 1.82078e-05
internal_weight=150188 97695 52493 51316 58545 27043
internal_count=150188 97695 52493 51316 58545 27043
is_linear=0
shrinkage=0.05


Tree=47
num_leaves=7
num_cat=0
split_feature=0 4 4 0 8 7
split_gain=14.7733 8.59159 5.65829 4.90904 3.83491 4.27713
threshold=39.500000000000007 0.71689719564218446 1.4134067176919642 116.50000000000001 1.1539373030000004 1.1056902775000002
decision_type=2 10 10 2 2 2
left_child=4 -2 3 -3 -1 -6
right_child=1 2 -4 -5 5 -7
leaf_value=-0.0037333178390559409 -0.0043017824716209329 -7.5888497268626804e-05 0.0057392205062934895 0.032467539843814307 -0.0017864902147532447 0.0042883549094448695
leaf_weight=26393 10885 84550 1313 3411 22021 1767
leaf_count=26393 10885 84550 1313 3411 22021 1767
internal_value=-0.000412718 -6.18741e-05 9.98549e-05 5.11271e-05 -0.00111291 -0.000652293
internal_weight=150340 100159 89274 87961 50181 23788
internal_count=150340 100159 89274 87961 50181 23788
is_linear=0
shrinkage=0.05


Tree=48
num_leaves=7
num_cat=0
split_feature=4 0 0 8 8 8
split_gain=12.9803 8.68196 3.96006 3.87495 5.386 3.74479
threshold=0.71288145084161025 72.500000000000014 117.50000000000001 1.1539373030000004 1.1583168575000002 1.4622407320000004
decision_type=10 2 2 2 2 2
left_child=-1 3 -3 -2 -5 -6
right_child=1 2 -4 4 5 -7
leaf_value=-0.0039410781419616297 -0.0021930707039261297 0.00073548677032094791 0.037673435926466922 0.003072238466680591 -0.00017263218045806441 -0.0031183579204076954
leaf_weight=27806 36177 52141 2319 1084 27405 2920
leaf_count=27806 36177 52141 2319 1084 27405 2920
internal_value=-0.000408256 -0.000186111 0.000283668 -0.000564647 -0.00015829 -0.000282312
internal_weight=149852 122046 54460 67586 31409 30325
internal_count=149852 122046 54460 67586 31409 30325
is_linear=0
shrinkage=0.05


Tree=49
num_leaves=7
num_cat=0
split_feature=4 7 1 4 1 8
split_gain=12.592 8.53379 7.25971 6.01955 4.92383 3.9345
threshold=0.71288145084161025 1.1096761955000003 61.500000000000007 1.1826207734408574 1.5000000000000002 1.3677919460000003
decision_type=10 2 2 10 2 2
left_child=-1 2 4 5 -2 -3
right_child=1 3 -4 -5 -6 -7
leaf_value=-0.0036479968734900955 0.041671424151484789 6.6068751438839245e-05 -0.0015742356629576096 0.0079828007862013019 0.00011817571306153666 0.010092394203452862
leaf_weight=27815 1122 3525 50496 1364 64413 1059
leaf_count=27815 1122 3525 50496 1364 64413 1059
internal_value=-0.00038041 -0.000161477 -0.000256193 0.00168486 9.09744e-05 0.000814992
internal_weight=149794 121979 116031 5948 65535 4584
internal_count=149794 121979 116031 5948 65535 4584
is_linear=0
shrinkage=0.05


Tree=50
num_leaves=7
num_cat=0
split_feature=0 4 0 8 7 4
split_gain=11.2958 6.21926 5.27001 4.18234 5.1657 4.84103
threshold=45.500000000000007 0.73372582134517972 118.50000000000001 1.2454544710000002 0.99033255900000017 1.2787773815238563
decision_type=2 10 2 2 2 10
left_child=3 -2 -3 -1 -5 -6
right_child=1 2 -4 4 5 -7
leaf_value=-0.0028712398191616242 -0.0035520937413473911 0.00016077017107846177 0.04089136619936419 0.0020669248272062292 -0.0020046017824834994 0.0022201709101956377
leaf_weight=42760 11192 80069 1145 3148 10545 1401
leaf_count=42760 11192 80069 1145 3148 10545 1401
internal_value=-0.000388647 -4.5612e-05 0.000106686 -0.000936501 -0.000220876 -0.000695758
internal_weight=150260 92406 81214 57854 15094 11946
internal_count=150260 92406 81214 57854 15094 11946
is_linear=0
shrinkage=0.05


Tree=51
num_leaves=7
num_cat=0
split_feature=0 9 2 0 8 7
split_gain=11.5907 7.49419 4.52281 4.51735 4.08695 4.43823
threshold=92.500000000000014 12.500000000000002 4.5000000000000009 118.50000000000001 1.4249687715000003 0.93445296200000005
decision_type=2 2 2 2 2 2
left_child=1 -1 4 -2 5 -3
right_child=3 2 -4 -5 -6 -7
leaf_value=-0.0031627003491476891 0.0015470232994660618 -0.0031799368544378026 -0.0079498568541013382 0.038500912380841815 -0.0030792113231996356 -0.00016567260987378782
leaf_weight=31362 32415 5789 5921 1168 4438 68980
leaf_count=31362 32415 5789 5921 1168 4438 68980
internal_value=-0.000388349 -0.000624276 -0.000380816 0.000429989 -0.000281113 -0.00019355
internal_weight=150073 116490 85128 33583 79207 74769
internal_count=150073 116490 85128 33583 79207 74769
is_linear=0
shrinkage=0.05


Tree=52
num_leaves=7
num_cat=0
split_feature=4 0 9 4 7 8
split_gain=11.8415 8.29587 4.73693 4.26982 3.82186 3.80056
threshold=0.71689719564218446 97.500000000000014 16.500000000000004 1.4930436350670515 1.0876543670000001 1.4622407320000004
decision_type=10 2 2 10 2 2
left_child=-1 2 -2 5 -3 -4
right_child=1 4 3 -5 -6 -7
leaf_value=-0.0032548095594120657 -0.0019914207243179414 0.0026932453859590845 -0.00018773971096013492 0.0033160652050371418 0.016066090230619563 -0.0031967245540441102
leaf_weight=28356 27407 23525 64303 1053 2453 2734
leaf_count=28356 27407 23525 64303 1053 2453 2734
internal_value=-0.000333215 -0.000118436 -0.000333946 -0.000110508 0.000673709 -0.000160236
internal_weight=149831 121475 95497 68090 25978 67037
internal_count=149831 121475 95497 68090 25978 67037
is_linear=0
shrinkage=0.05


Tree=53
num_leaves=7
num_cat=0
split_feature=0 7 9 0 2 0
split_gain=10.8098 5.83361 4.30116 3.83659 6.28656 3.6341
threshold=45.500000000000007 0.97489216750000007 48.500000000000007 106.50000000000001 4.5000000000000009 114.50000000000001
decision_type=2 2 2 2 2 2
left_child=-1 2 5 4 -3 -2
right_child=1 3 -4 -5 -6 -7
leaf_value=-0.0018883926626234442 -0.0040638697791647018 0.00081196144967051831 0.0024047646096535813 0.0087522544332983825 -0.0036707054265124324 0.012718333881800957
leaf_weight=57732 19811 44796 4357 10858 10896 1827
leaf_count=57732 19811 44796 4357 10858 10896 1827
internal_value=-0.00035129 -1.63431e-05 -0.000651443 0.000231763 6.40962e-05 -0.000940027
internal_weight=150277 92545 25995 66550 55692 21638
internal_count=150277 92545 25995 66550 55692 21638
is_linear=0
shrinkage=0.05


Tree=54
num_leaves=7
num_cat=0
split_feature=4 7 3 8 8 0
split_gain=9.35098 6.35022 6.07825 5.78679 5.09301 6.13234
threshold=0.71689719564218446 1.1096761955000003 7.1466483805000012 1.4249687715000003 1.2454544710000002 45.500000000000007
decision_type=10 2 2 2 2 2
left_child=-1 3 -3 4 5 -2
right_child=1 2 -4 -5 -6 -7
leaf_value=-0.0029282915052010524 -0.0020497931846996044 0.00077867180648745319 0.0087490700323530277 -0.0039608416405741394 0.0012738368971869014 -0.00011325728388383143
leaf_weight=28405 27551 3939 1962 4248 18148 65589
leaf_count=28405 27551 3939 1962 4248 18148 65589
internal_value=-0.000326033 -0.000134983 0.00146419 -0.00021672 -0.000147539 -0.00029685
internal_weight=149842 121437 5901 115536 111288 93140
internal_count=149842 121437 5901 115536 111288 93140
is_linear=0
shrinkage=0.05


Tree=55
num_leaves=7
num_cat=0
split_feature=5 5 7 7 8 8
split_gain=9.93307 5.60471 4.48133 4.38624 8.04697 9.64426
threshold=10.500000000000002 26.500000000000004 0.97489216750000007 0.9957365130000001 1.0626681610000002 1.1071626490000002
decision_type=2 2 2 2 2 2
left_child=-1 2 -2 4 -4 -6
right_child=1 -3 3 -5 5 -7
leaf_value=-0.0026754086972791379 -0.0025691844347090573 0.0029665378480426222 -0.0018256859022898649 -0.00054267207627632977 0.011553096026614638 0.0013704236062657875
leaf_weight=39981 26198 11651 7306 57634 1793 5669
leaf_count=39981 26198 11651 7306 57634 1793 5669
internal_value=-0.00034033 -9.54829e-05 -0.000218042 -1.52616e-05 0.000753401 0.00190773
internal_weight=150232 110251 98600 72402 14768 7462
internal_count=150232 110251 98600 72402 14768 7462
is_linear=0
shrinkage=0.05


Tree=56
num_leaves=7
num_cat=0
split_feature=5 0 0 7 8 8
split_gain=8.13185 6.20524 4.69722 4.46885 3.83621 6.13116
threshold=10.500000000000002 46.500000000000007 118.50000000000001 0.97489216750000007 1.4249687715000003 1.3737258850000003
decision_type=2 2 2 2 2 2
left_child=-1 -2 3 -3 5 -5
right_child=1 2 -4 4 -6 -7
leaf_value=-0.002484837190933082 -0.0012772174980705841 -0.0018020683468224327 0.037340480442995122 0.0011416438190707695 -0.0034611914277593381 0.0071896810239995002
leaf_weight=40054 36172 19999 1111 49029 2266 1568
leaf_count=40054 36172 19999 1111 49029 2266 1568
internal_value=-0.000323211 -0.00010134 0.000161095 0.000111778 0.000352623 0.000442818
internal_weight=150199 110145 73973 72862 52863 50597
internal_count=150199 110145 73973 72862 52863 50597
is_linear=0
shrinkage=0.05


Tree=57
num_leaves=7
num_cat=0
split_feature=4 7 9 0 7 3
split_gain=8.61242 6.58316 5.64727 5.28579 4.71015 4.25962
threshold=0.73372582134517972 1.1096761955000003 43.500000000000007 112.50000000000001 1.0133193015000004 9.5408596075000016
decision_type=10 2 2 2 2 2
left_child=-1 2 3 -2 -4 -3
right_child=1 5 4 -5 -6 -7
leaf_value=-0.0026890761749105677 -0.0010229761852628169 0.0020807850697332525 0.0035595124238225959 0.01083905431579027 -0.00084979182828676017 0.0080620476322573621
leaf_weight=31395 84718 4086 12421 6215 9466 1689
leaf_count=31395 84718 4086 12421 6215 9466 1689
internal_value=-0.000272843 -7.78885e-05 -0.000162199 -0.000335751 0.000558765 0.00156791
internal_weight=149990 118595 112820 90933 21887 5775
internal_count=149990 118595 112820 90933 21887 5775
is_linear=0
shrinkage=0.05


Tree=58
num_leaves=7
num_cat=0
split_feature=0 9 7 0 8 2
split_gain=7.91869 5.6411 3.81952 3.75364 3.3589 3.51031
threshold=93.500000000000014 15.500000000000002 1.0531739995000002 118.50000000000001 1.4249687715000003 4.5000000000000009
decision_type=2 2 2 2 2 2
left_child=1 2 -1 -2 5 -3
right_child=3 4 -4 -5 -6 -7
leaf_value=-0.0028959710976950281 0.0014210937065156179 -8.6345605887795489e-05 -7.3115053308538025e-05 0.035431435297320367 -0.0024730492926414655 -0.0058050715569259561
leaf_weight=31450 31228 67972 8802 1177 4048 5343
leaf_count=31450 31228 67972 8802 1177 4048 5343
internal_value=-0.000278954 -0.000469627 -0.000949649 0.000413066 -0.000219827 -0.000142356
internal_weight=150020 117615 40252 32405 77363 73315
internal_count=150020 117615 40252 32405 77363 73315
is_linear=0
shrinkage=0.05


Tree=59
num_leaves=7
num_cat=0
split_feature=9 7 7 8 8 8
split_gain=7.66653 4.78484 5.82291 9.11347 9.22664 15.508
threshold=15.500000000000002 0.97489216750000007 0.9981851785000001 1.0626681610000002 1.2004484315000001 1.1570813780000002
decision_type=2 2 2 2 2 2
left_child=-1 -2 3 -3 5 -5
right_child=1 2 -4 4 -6 -7
leaf_value=-0.0020095009603814484 -0.0019396315144049208 -0.0012007100165347367 -0.00010656242617872495 0.0052280952015309806 0.00050410039799668894 0.011866280960575307
leaf_weight=50207 26208 7482 57348 3820 3722 1308
leaf_count=50207 26208 7482 57348 3820 3722 1308
internal_value=-0.000269071 -1.57174e-05 0.000190676 0.00102344 0.00210898 0.00348334
internal_weight=150095 99888 73680 16332 8850 5128
internal_count=150095 99888 73680 16332 8850 5128
is_linear=0
shrinkage=0.05


Tree=60
num_leaves=7
num_cat=0
split_feature=0 9 8 8 3 3
split_gain=7.22598 6.60749 3.46204 3.15299 3.72319 3.7202
threshold=118.50000000000001 13.500000000000002 1.4249687715000003 1.3677919460000003 -7.1868182574999997 4.0633149690000012
decision_type=2 2 2 2 2 2
left_child=1 -1 3 5 -5 -3
right_child=-2 2 -4 4 -6 -7
leaf_value=-0.0021653554752730335 0.033015007606858306 -0.00067619799254078883 -0.0021299026408822478 0.0085005399421501839 0.00094948808504897271 0.0011003065360004859
leaf_weight=42832 1184 70626 4716 1001 2310 27334
leaf_count=42832 1184 70626 4716 1001 2310 27334
internal_value=-0.000274369 -0.000305378 -9.3569e-05 -3.1869e-05 0.00148447 -8.31936e-05
internal_weight=150003 148819 105987 101271 3311 97960
internal_count=150003 148819 105987 101271 3311 97960
is_linear=0
shrinkage=0.05


Tree=61
num_leaves=7
num_cat=0
split_feature=0 2 0 0 7 7
split_gain=6.84286 4.46247 4.76931 3.99672 3.98038 2.70237
threshold=93.500000000000014 4.5000000000000009 39.500000000000007 118.50000000000001 0.93445296200000005 0.98581728700000004
decision_type=2 2 2 2 2 2
left_child=1 2 -1 5 -4 -2
right_child=3 -3 4 -5 -6 -7
leaf_value=-0.0013985124344685707 -0.0013079949674719114 -0.007131413078949384 -0.0031093679150363033 0.030727245975505676 0.00019311129480771002 0.003268247153699218
leaf_weight=50213 11935 8849 4580 1174 53840 19344
leaf_count=50213 11935 8849 4580 1174 53840 19344
internal_value=-0.00026469 -0.00044222 -0.000354227 0.000377949 -4.70695e-05 0.000270185
internal_weight=149935 117482 108633 32453 58420 31279
internal_count=149935 117482 108633 32453 58420 31279
is_linear=0
shrinkage=0.05


Tree=62
num_leaves=7
num_cat=0
split_feature=9 0 2 8 7 7
split_gain=6.39753 5.41595 4.17404 3.85798 3.71235 10.0501
threshold=12.500000000000002 109.50000000000001 5.5000000000000009 1.4249687715000003 0.98134478250000001 0.98516513150000007
decision_type=2 2 2 2 2 2
left_child=-1 2 3 4 -2 -6
right_child=1 -3 -4 -5 5 -7
leaf_value=-0.0021704222820303916 -0.0013689169603539266 0.0097070475251098739 -0.0064253518318144872 -0.0021008349487200107 0.0072586163176050671 0.00013349783126638523
leaf_weight=39660 27817 8305 5497 4843 2571 61505
leaf_count=39660 27817 8305 5497 4843 2571 61505
internal_value=-0.000263278 -6.78023e-05 -0.000167575 -9.13786e-05 -1.8853e-05 0.00019054
internal_weight=150198 110538 102233 96736 91893 64076
internal_count=150198 110538 102233 96736 91893 64076
is_linear=0
shrinkage=0.05


Tree=63
num_leaves=7
num_cat=0
split_feature=4 7 0 4 7 9
split_gain=6.58892 5.35232 4.23921 3.64615 3.41197 3.27038
threshold=0.68179868191031512 1.1096761955000003 111.50000000000001 1.1394382986079863 0.9823640050000001 13.500000000000002
decision_type=10 2 2 10 2 2
left_child=4 2 5 -3 -1 -2
right_child=1 3 -4 -5 -6 -7
leaf_value=-0.0049480290925455819 -0.0018111402215489564 0.0022750688054583856 0.0082042304884937713 0.007091187626385366 -0.0012319678419045257 -0.00023225585613977529
leaf_weight=8140 24977 4412 9119 1695 15657 86061
leaf_count=8140 24977 4412 9119 1695 15657 86061
internal_value=-0.000223919 -8.00678e-05 -0.000153481 0.0013633 -0.000986997 -0.000238602
internal_weight=150061 126264 120157 6107 23797 111038
internal_count=150061 126264 120157 6107 23797 111038
is_linear=0
shrinkage=0.05


Tree=64
num_leaves=7
num_cat=0
split_feature=0 8 8 7 7 8
split_gain=5.95158 4.24706 11.6019 6.56106 7.43655 11.5457
threshold=89.500000000000014 1.1539373030000004 1.1583168575000002 1.0025397160000002 0.98134478250000001 1.1840778355000003
decision_type=2 2 2 2 2 2
left_child=1 -1 -3 4 -4 -6
right_child=-2 2 3 -5 5 -7
leaf_value=-0.0016315114341102527 0.0015054216950025495 0.0046507248543872452 -0.0012907250085461427 -0.0011199031255764433 0.0125009053117355 0.0014577894122021668
leaf_weight=63984 37463 1530 7849 32893 1061 5411
leaf_count=63984 37463 1530 7849 32893 1061 5411
internal_value=-0.000229884 -0.000411326 -5.96941e-05 -0.000198755 0.000694366 0.00194843
internal_weight=150191 112728 48744 47214 14321 6472
internal_count=150191 112728 48744 47214 14321 6472
is_linear=0
shrinkage=0.05


Tree=65
num_leaves=7
num_cat=0
split_feature=9 7 8 8 8 3
split_gain=5.84696 4.15832 3.55726 4.42746 4.93848 3.87444
threshold=14.500000000000002 1.0531739995000002 1.4249687715000003 1.3677919460000003 1.3901918155000004 33.856397860500003
decision_type=2 2 2 2 2 2
left_child=1 -1 3 5 -5 -2
right_child=2 -3 -4 4 -6 -7
leaf_value=-0.0025479569520619281 -0.00014950862362155608 0.00075263917724252072 -0.0019663957647225142 0.0064458259063567046 -0.00037965467071936307 0.0042909308183630111
leaf_weight=37487 92468 9646 4632 1597 1654 2872
leaf_count=37487 92468 9646 4632 1597 1654 2872
internal_value=-0.000222399 -0.000683791 -1.1698e-05 5.19538e-05 0.00186502 -9.96441e-06
internal_weight=150356 47133 103223 98591 3251 95340
internal_count=150356 47133 103223 98591 3251 95340
is_linear=0
shrinkage=0.05


Tree=66
num_leaves=7
num_cat=0
split_feature=7 7 1 9 8 8
split_gain=5.69061 5.70189 7.1199 5.33164 5.18813 4.72844
threshold=0.97819282600000013 0.9957365130000001 65.500000000000014 33.500000000000007 1.0626681610000002 1.1071626490000002
decision_type=2 2 2 2 2 2
left_child=3 4 -3 -1 -2 -6
right_child=1 2 -4 -5 5 -7
leaf_value=-0.0031369412981249812 -0.00046954264876472969 0.00073246446787722064 -0.0011025403401856385 0.00048249365383188768 0.010698047865233384 0.001610970829610594
leaf_weight=30636 9509 46224 41352 12574 2235 7366
leaf_count=30636 9509 46224 41352 12574 2235 7366
internal_value=-0.00021074 -1.46691e-05 -0.000185429 -0.000694783 0.000767721 0.00158729
internal_weight=149896 106686 87576 43210 19110 9601
internal_count=149896 106686 87576 43210 19110 9601
is_linear=0
shrinkage=0.05


Tree=67
num_leaves=7
num_cat=0
split_feature=4 7 3 8 8 8
split_gain=5.45196 4.77533 5.13118 4.25381 4.57165 6.18812
threshold=0.71288145084161025 1.1096761955000003 7.1466483805000012 1.4367788705000002 1.2454544710000002 1.2638937910000003
decision_type=10 2 2 2 2 2
left_child=-1 3 -3 4 -2 -6
right_child=1 2 -4 -5 5 -7
leaf_value=-0.0020908393237708224 -0.00069007717627288809 0.00070372671618823155 0.0082016046773991224 -0.0029529805259757374 0.004525649216993677 0.00058634636623536372
leaf_weight=27838 93755 4005 1983 3964 2602 15943
leaf_count=27838 93755 4005 1983 3964 2602 15943
internal_value=-0.000230355 -8.65396e-05 0.00128984 -0.00015748 -0.000100619 0.000616576
internal_weight=150090 122252 5988 116264 112300 18545
internal_count=150090 122252 5988 116264 112300 18545
is_linear=0
shrinkage=0.05


Tree=68
num_leaves=7
num_cat=0
split_feature=5 4 0 0 3 8
split_gain=5.20944 3.23862 3.70029 2.59356 2.42292 2.06601
threshold=14.500000000000002 1.4134067176919642 53.500000000000007 117.50000000000001 17.339382366500004 1.1539373030000004
decision_type=2 10 2 2 2 2
left_child=4 2 -2 -4 5 -1
right_child=1 -3 3 -5 -6 -7
leaf_value=-0.002042317534553386 -0.00091328399890694282 0.0020411574962355661 0.00048857979838360635 0.025038680601810144 0.0050150988486808643 -0.00043188383403217626
leaf_weight=44179 25732 3426 47003 1892 1550 26506
leaf_count=44179 25732 3426 47003 1892 1550 26506
internal_value=-0.000215713 6.74813e-05 -1.57499e-06 0.000253834 -0.000521699 -0.000564614
internal_weight=150288 78053 74627 48895 72235 70685
internal_count=150288 78053 74627 48895 72235 70685
is_linear=0
shrinkage=0.05


Tree=69
num_leaves=7
num_cat=0
split_feature=5 7 1 3 4 2
split_gain=4.97301 3.37394 3.32393 3.20817 2.57618 2.07781
threshold=14.500000000000002 0.97489216750000007 13.500000000000002 17.339382366500004 1.5305092055290797 5.5000000000000009
decision_type=2 2 2 2 10 2
left_child=1 -1 -2 -3 5 -4
right_child=2 3 4 -5 -6 -7
leaf_value=-0.0029811950855420108 0.0071558222067101291 -0.00075363602304019249 -9.9686057163727643e-05 0.0053983236286935521 0.0018324020074870291 -0.0071876982079900845
leaf_weight=20112 12340 50668 61393 1189 1473 2642
leaf_count=20112 12340 50668 61393 1189 1473 2642
internal_value=-0.000191177 -0.000490768 8.58021e-05 -0.000277516 -5.602e-05 -0.000103647
internal_weight=149817 71969 77848 51857 65508 64035
internal_count=149817 71969 77848 51857 65508 64035
is_linear=0
shrinkage=0.05


Tree=70
num_leaves=7
num_cat=0
split_feature=7 9 3 7 7 4
split_gain=4.99695 4.2838 3.77023 4.65773 3.17689 2.83716
threshold=0.97489216750000007 50.500000000000007 11.938280939500002 1.1133962795000001 1.0005719330000002 0.72727744271604522
decision_type=2 2 2 2 2 10
left_child=1 5 -2 4 -4 -1
right_child=2 -3 3 -5 -6 -7
leaf_value=-0.0042394445593054364 -0.00031346860213516618 0.0024746919817975332 0.0060003688348567339 0.0080837159398480084 7.7132602816914339e-05 -0.0018866952297092324
leaf_weight=8910 93393 3700 3745 1348 11732 27030
leaf_count=8910 93393 3700 3745 1348 11732 27030
internal_value=-0.000179465 -0.000660866 -6.306e-06 0.00068256 0.000436474 -0.000827654
internal_weight=149858 39640 110218 16825 15477 35940
internal_count=149858 39640 110218 16825 15477 35940
is_linear=0
shrinkage=0.05


Tree=71
num_leaves=7
num_cat=0
split_feature=0 9 7 7 7 8
split_gain=4.59639 4.47797 2.88246 2.84982 5.19209 7.67334
threshold=118.50000000000001 14.500000000000002 1.0531739995000002 0.97489216750000007 0.9981851785000001 1.0626681610000002
decision_type=2 2 2 2 2 2
left_child=1 2 -1 -3 5 -5
right_child=-2 3 -4 4 -6 -7
leaf_value=-0.0020423745038742019 0.02749832639680367 -0.0013786234067493055 0.00051678013341293922 -0.0011824828333490392 -0.00019348664717049385 0.0040972406315942182
leaf_weight=36731 1177 26795 9569 7631 58985 9148
leaf_count=36731 1177 26795 9569 7631 58985 9148
internal_value=-0.000180551 -0.000205205 -0.000613325 -2.09387e-05 0.000135807 0.000911731
internal_weight=150036 148859 46300 102559 75764 16779
internal_count=150036 148859 46300 102559 75764 16779
is_linear=0
shrinkage=0.05


Tree=72
num_leaves=7
num_cat=0
split_feature=0 9 8 7 7 8
split_gain=4.5963 4.41187 3.19969 3.74713 3.66612 5.75286
threshold=118.50000000000001 11.500000000000002 1.4249687715000003 0.97489216750000007 0.99162884300000009 1.0686659475000002
decision_type=2 2 2 2 2 2
left_child=1 -1 3 -3 5 -5
right_child=-2 2 -4 4 -6 -7
leaf_value=-0.0017682890654821517 0.026669133367206967 -0.0013527546637699178 -0.0016779822506105269 -0.00037193210222207835 8.909987923905077e-05 0.003500058413768044
leaf_weight=35463 1175 29593 5010 6681 65713 6450
leaf_count=35463 1175 29593 5010 6681 65713 6450
internal_value=-0.00017398 -0.000198604 -4.64299e-05 1.06733e-05 0.000190744 0.000953296
internal_weight=150085 148910 113447 108437 78844 13131
internal_count=150085 148910 113447 108437 78844 13131
is_linear=0
shrinkage=0.05


Tree=73
num_leaves=7
num_cat=0
split_feature=0 7 9 7 7 0
split_gain=4.79145 4.30125 3.82472 3.76405 4.41359 4.09099
threshold=118.50000000000001 0.97489216750000007 50.500000000000007 0.9957365130000001 0.99484095600000011 53.500000000000007
decision_type=2 2 2 2 2 2
left_child=1 2 -1 4 -3 -5
right_child=-2 3 -4 5 -6 -7
leaf_value=-0.0022129848436269069 0.024101037724671086 0.0009614978302004975 0.0024862715678812685 -0.00082331523163711468 0.0071844402315841133 0.00044197990096846054
leaf_weight=35537 1144 21284 3621 40717 1168 46519
leaf_count=35537 1144 21284 3621 40717 1168 46519
internal_value=-0.000135505 -0.000160329 -0.000610143 2.72895e-07 0.000577548 -0.000148325
internal_weight=149990 148846 39158 109688 22452 87236
internal_count=149990 148846 39158 109688 22452 87236
is_linear=0
shrinkage=0.05


Tree=74
num_leaves=7
num_cat=0
split_feature=5 0 4 7 5 0
split_gain=4.3261 3.21394 2.90068 2.94642 2.70645 2.03075
threshold=9.5000000000000018 118.50000000000001 1.4383940507522852 1.0711816605000004 32.500000000000007 47.500000000000007
decision_type=2 2 10 2 2 2
left_child=-1 2 4 -4 5 -2
right_child=1 -3 3 -5 -6 -7
leaf_value=-0.0015221872301912961 -0.00076240049635828324 0.023747688631312297 0.00084720640631523307 0.0050096698878115001 0.0045987328060499728 0.00016871001744499768
leaf_weight=32707 37313 1146 2304 1007 2603 72985
leaf_count=32707 37313 1146 2304 1007 2603 72985
internal_value=-0.000134021 7.71052e-06 -1.83284e-05 0.00143923 -6.11355e-05 -9.8774e-05
internal_weight=150065 117358 116212 3311 112901 110298
internal_count=150065 117358 116212 3311 112901 110298
is_linear=0
shrinkage=0.05


Tree=75
num_leaves=7
num_cat=0
split_feature=7 7 0 8 8 8
split_gain=4.58664 4.78918 4.61246 4.53541 4.75951 4.78571
threshold=0.97965895700000016 0.9957365130000001 110.50000000000001 1.0626681610000002 1.1071626490000002 1.1570813780000002
decision_type=2 2 2 2 2 2
left_child=-1 3 -3 -2 -5 -6
right_child=1 2 -4 4 5 -7
leaf_value=-0.0016981567268330002 -8.4575800710644567e-05 -0.00044923333163003718 0.011796201020910719 0.010421619714078154 -0.0021760024863921382 0.0027868158059862085
leaf_weight=44531 8898 82294 5330 2015 1879 5096
leaf_count=44531 8898 82294 5330 2015 1879 5096
internal_value=-0.000135341 4.42577e-05 -0.000107956 0.000789694 0.00158143 0.000961676
internal_weight=150043 105512 87624 17888 8990 6975
internal_count=150043 105512 87624 17888 8990 6975
is_linear=0
shrinkage=0.05


Tree=76
num_leaves=7
num_cat=0
split_feature=0 4 7 7 7 7
split_gain=4.19813 3.87436 3.39552 2.92909 3.65868 2.8234
threshold=118.50000000000001 0.66162374547748659 0.9823640050000001 1.0564700310000001 1.0595942390000002 1.0133193015000004
decision_type=2 10 2 2 2 2
left_child=1 2 -1 5 -5 -3
right_child=-2 3 -4 4 -6 -7
leaf_value=-0.0035996461311888469 0.020971923594079483 2.0739794920467889e-05 -0.00072384376515571489 0.0074734856408130608 0.00063964601499720368 -0.0012799389032620927
leaf_weight=7261 1179 69554 14114 1565 24119 32338
leaf_count=7261 1179 69554 14114 1565 24119 32338
internal_value=-0.000134047 -0.000157614 -0.00078052 -5.32217e-05 0.000423916 -0.000173509
internal_weight=150130 148951 21375 127576 25684 101892
internal_count=150130 148951 21375 127576 25684 101892
is_linear=0
shrinkage=0.05


Tree=77
num_leaves=7
num_cat=0
split_feature=0 7 8 8 8 2
split_gain=4.46219 4.16349 4.11735 4.51371 7.57273 11.1827
threshold=118.50000000000001 1.1056902775000002 1.4367788705000002 1.2454544710000002 1.2638937910000003 1.0000000180025095e-35
decision_type=2 2 2 2 2 2
left_child=1 2 3 -1 5 -5
right_child=-2 -3 -4 4 -6 -7
leaf_value=-0.00086236391064460453 0.020721321505483597 0.0020681119468316882 -0.003002547953850741 0.006277388087725131 0.00022026225323382902 0.0015956343005425892
leaf_weight=113757 1180 8131 4755 1020 19033 2190
leaf_count=113757 1180 8131 4755 1020 19033 2190
internal_value=-0.000144699 -0.000169017 -0.000232577 -0.000181979 0.000469367 0.00271384
internal_weight=150066 148886 140755 136000 22243 3210
internal_count=150066 148886 140755 136000 22243 3210
is_linear=0
shrinkage=0.05


Tree=78
num_leaves=7
num_cat=0
split_feature=4 0 8 3 6 8
split_gain=4.08612 3.03405 2.87316 2.43883 2.24539 2.05343
threshold=0.68179868191031512 115.50000000000001 0.77813708900000012 44.123198582500009 1.5000000000000002 1.1555353710000003
decision_type=10 2 2 2 2 2
left_child=5 2 -2 4 -4 -1
right_child=1 -3 3 -5 -6 -7
leaf_value=-0.0022458253149570729 -0.0037557321796143832 0.012059727438306368 -2.6967267214042115e-06 0.0045829979425959016 -0.0027695136568887222 -0.00030784957767409173
leaf_weight=14946 2995 4638 106868 1387 10579 8887
leaf_count=14946 2995 4638 106868 1387 10579 8887
internal_value=-0.000149696 -3.65107e-05 -8.43161e-05 -4.57347e-05 -7.03911e-05 -0.000750168
internal_weight=150300 126467 121829 118834 117447 23833
internal_count=150300 126467 121829 118834 117447 23833
is_linear=0
shrinkage=0.05


Tree=79
num_leaves=7
num_cat=0
split_feature=7 9 4 7 1 7
split_gain=3.30223 4.81441 3.48566 3.50909 3.38498 3.16833
threshold=0.97965895700000016 31.500000000000004 1.4134067176919642 0.98516513150000007 41.500000000000007 0.96600496150000004
decision_type=2 2 10 2 2 2
left_child=1 -1 3 -2 -5 -3
right_child=2 5 -4 4 -6 -7
leaf_value=-0.0022841204636468901 0.0025046845156571416 0.0017098614598362264 0.0018494258714805559 0.0012373069749652315 -0.00063306520885316646 -0.004058401778481587
leaf_weight=30062 5839 10783 4036 32124 63580 3728
leaf_count=30062 5839 10783 4036 32124 63580 3728
internal_value=-0.000154705 -0.000515558 -2.3447e-06 -5.96522e-05 -0.000132277 0.000232329
internal_weight=150152 44573 105579 101543 95704 14511
internal_count=150152 44573 105579 101543 95704 14511
is_linear=0
shrinkage=0.05


Tree=80
num_leaves=7
num_cat=0
split_feature=4 7 7 9 3 7
split_gain=3.89957 2.98767 2.56556 2.48248 3.47472 2.59914
threshold=0.70434005039903458 1.1056902775000002 0.9823640050000001 25.500000000000004 5.5915939680000006 1.1368445150000002
decision_type=10 2 2 2 2 2
left_child=2 -2 -1 4 -3 -5
right_child=1 3 -4 5 -6 -7
leaf_value=-0.0031172950852842111 -0.00021365493687540307 0.0021521903008137585 -0.00067646842995565067 0.0026909868790204738 0.0087271807847424613 -0.0028252970749450719
leaf_weight=9215 116606 2389 17402 2147 1002 1408
leaf_count=9215 116606 2389 17402 2147 1002 1408
internal_value=-0.000141986 -2.37143e-05 -0.000690877 0.000983311 0.00195009 5.96904e-05
internal_weight=150169 123552 26617 6946 3391 3555
internal_count=150169 123552 26617 6946 3391 3555
is_linear=0
shrinkage=0.05


Tree=81
num_leaves=7
num_cat=0
split_feature=9 8 7 7 2 8
split_gain=3.14441 2.43237 2.64484 3.53927 4.18488 9.08061
threshold=11.500000000000002 1.4249687715000003 0.97489216750000007 0.96600496150000004 1.0000000180025095e-35 1.1607672330000003
decision_type=2 2 2 2 2 2
left_child=-1 2 3 4 5 -2
right_child=1 -3 -4 -5 -6 -7
leaf_value=-0.0013303690049485525 -0.00061137324921394236 -0.0013101815202955646 0.00046206424866454565 -0.0045447300599623435 -0.00099230568369205476 0.0057455494604197292
leaf_weight=36007 1478 5092 79427 5164 21914 1022
leaf_count=36007 1478 5092 79427 5164 21914 1022
internal_value=-0.000126309 2.25616e-06 5.21735e-05 -0.000351385 -9.9718e-05 0.00183633
internal_weight=150104 114097 109005 29578 24414 2500
internal_count=150104 114097 109005 29578 24414 2500
is_linear=0
shrinkage=0.05


Tree=82
num_leaves=7
num_cat=0
split_feature=9 7 0 2 8 8
split_gain=3.3137 2.83515 2.81168 3.64928 2.20963 2.16109
threshold=14.500000000000002 1.0531739995000002 99.500000000000014 5.5000000000000009 1.4249687715000003 1.1498205515000002
decision_type=2 2 2 2 2 2
left_child=1 -1 3 4 5 -2
right_child=2 -3 -4 -5 -6 -7
leaf_value=-0.0016210120459114897 -0.00051241740148895811 0.00082574964249398366 0.0031254485257899544 -0.010286987205215913 -0.0013357479332473379 0.00063179021419112612
leaf_weight=37173 46352 9566 16992 2759 4338 33010
leaf_count=37173 46352 9566 16992 2759 4338 33010
internal_value=-0.000153301 -0.000502685 4.56656e-06 -0.000111001 -5.19688e-05 8.12621e-06
internal_weight=150190 46739 103451 86459 83700 79362
internal_count=150190 46739 103451 86459 83700 79362
is_linear=0
shrinkage=0.05


Tree=83
num_leaves=7
num_cat=0
split_feature=0 9 7 7 2 8
split_gain=4.21288 3.05015 2.08815 4.18078 4.10605 3.01988
threshold=118.50000000000001 10.500000000000002 0.98134478250000001 0.99162884300000009 1.5000000000000002 1.1570813780000002
decision_type=2 2 2 2 2 2
left_child=1 -1 -3 5 -5 -4
right_child=-2 2 3 4 -6 -7
leaf_value=-0.0013686926285306153 0.020075281268788363 -0.00096512180089476066 0.001518455265745444 -0.00084614941435766735 0.00065502189595381774 0.0040786176687149537
leaf_weight=32041 1188 35635 6120 24960 47473 2577
leaf_count=32041 1188 35635 6120 24960 47473 2577
internal_value=-0.000126235 -0.000149956 -3.13657e-05 0.000108769 -1.56347e-05 0.00114428
internal_weight=149994 148806 116765 81130 72433 8697
internal_count=149994 148806 116765 81130 72433 8697
is_linear=0
shrinkage=0.05


Tree=84
num_leaves=7
num_cat=0
split_feature=5 0 2 0 3 0
split_gain=3.79047 2.95133 1.95257 3.06281 2.74409 1.96756
threshold=8.5000000000000018 118.50000000000001 5.5000000000000009 105.50000000000001 -33.531143984999993 46.500000000000007
decision_type=2 2 2 2 2 2
left_child=-1 2 4 -4 -2 -6
right_child=1 -3 3 -5 5 -7
leaf_value=-0.0013003469403099403 0.0036112632227375723 0.018027472700411318 -0.0075849061367383721 0.00043596675384423658 -0.00042858968247937813 0.0005114691723181584
leaf_weight=26395 2212 1153 5223 6854 41601 66547
leaf_count=26395 2212 1153 5223 6854 41601 66547
internal_value=-0.000109091 7.07898e-06 -1.6682e-05 -0.000620138 4.9381e-05 1.36837e-05
internal_weight=149985 123590 122437 12077 110360 108148
internal_count=149985 123590 122437 12077 110360 108148
is_linear=0
shrinkage=0.05


Tree=85
num_leaves=7
num_cat=0
split_feature=6 0 7 7 8 8
split_gain=3.17989 2.88775 2.47152 5.81685 4.61893 4.16579
threshold=1.5000000000000002 83.500000000000014 0.98134478250000001 0.98516513150000007 1.1570813780000002 1.3479232185000003
decision_type=2 2 2 2 2 2
left_child=2 -2 5 4 -4 -1
right_child=1 -3 3 -5 -6 -7
leaf_value=-0.001170719274999761 -0.0036520105245371292 -0.00078708327323692587 0.0019573078992806427 6.2777101472205894e-05 0.0059473095348142949 0.0055346431042750804
leaf_weight=39196 7479 8264 2379 90421 1310 1046
leaf_count=39196 7479 8264 2379 90421 1310 1046
internal_value=-0.000112509 -0.000784703 -3.37167e-05 0.000106518 0.0020513 -0.000361642
internal_weight=150095 15743 134352 94110 3689 40242
internal_count=150095 15743 134352 94110 3689 40242
is_linear=0
shrinkage=0.05


Tree=86
num_leaves=7
num_cat=0
split_feature=5 7 3 6 7 7
split_gain=3.54722 2.35599 2.31277 2.15583 2.83268 11.5249
threshold=30.500000000000004 1.1056902775000002 7.1466483805000012 1.0000000180025095e-35 1.0133193015000004 1.0110071485000003
decision_type=2 2 2 2 2 2
left_child=1 3 -3 4 5 -1
right_child=-2 2 -4 -5 -6 -7
leaf_value=0.00025459870815687936 0.0034862259271741555 0.00068486479528578588 0.0050240095139767182 -0.0010914234031752417 -0.00070751076482484328 0.0052554607257658858
leaf_weight=41629 5093 5781 1815 62148 32316 1248
leaf_count=41629 5093 5781 1815 62148 32316 1248
internal_value=-0.000106142 -0.000151734 0.00070517 -0.000199151 -1.90503e-05 0.000247364
internal_weight=150030 144937 7596 137341 75193 42877
internal_count=150030 144937 7596 137341 75193 42877
is_linear=0
shrinkage=0.05


Tree=87
num_leaves=7
num_cat=0
split_feature=0 7 8 8 8 2
split_gain=2.68895 2.43161 3.89991 4.05703 7.96784 9.01519
threshold=118.50000000000001 1.0922913080000003 1.4367788705000002 1.2454544710000002 1.2638937910000003 1.0000000180025095e-35
decision_type=2 2 2 2 2 2
left_child=1 2 3 -1 5 -5
right_child=-2 -3 -4 4 -6 -7
leaf_value=-0.00062584236028019602 0.017249864114450252 0.0013541996026966148 -0.0027540321163116149 0.0055933993112150839 0.0002578626148120405 0.0021045761787144785
leaf_weight=111691 1168 11530 4479 1014 18055 2178
leaf_count=111691 1168 11530 4479 1014 18055 2178
internal_value=-9.98374e-05 -0.000118613 -0.000177137 -0.000128213 0.000505011 0.00280575
internal_weight=150115 148947 137417 132938 21247 3192
internal_count=150115 148947 137417 132938 21247 3192
is_linear=0
shrinkage=0.05


Tree=88
num_leaves=7
num_cat=0
split_feature=0 6 7 7 2 6
split_gain=3.08481 3.19575 2.14286 4.05336 3.75287 3.15802
threshold=118.50000000000001 1.5000000000000002 0.98134478250000001 0.98516513150000007 1.5000000000000002 1.0000000180025095e-35
decision_type=2 2 2 2 2 2
left_child=1 2 -1 5 -5 -4
right_child=-2 -3 3 4 -6 -7
leaf_value=-0.00091387447894353984 0.016776993790876063 -0.0027725215902960031 0.0055688507227731124 -0.0005334448185494834 0.00080148388680863734 -0.00064752512871232848
leaf_weight=39987 1181 15405 2374 39005 51665 1313
leaf_count=39987 1181 15405 2374 39005 51665 1313
internal_value=-9.68966e-05 -0.000117009 -3.87802e-05 9.12173e-05 2.5089e-05 0.00171519
internal_weight=150930 149749 134344 94357 90670 3687
internal_count=150930 149749 134344 94357 90670 3687
is_linear=0
shrinkage=0.05


Tree=89
num_leaves=7
num_cat=0
split_feature=1 2 1 7 8 8
split_gain=2.76317 4.59339 1.77227 1.74921 3.21835 2.76291
threshold=24.500000000000004 5.5000000000000009 1.5000000000000002 1.1235890535000002 1.4367788705000002 1.1498205515000002
decision_type=2 2 2 2 2 2
left_child=2 3 -1 4 5 -2
right_child=1 -3 -4 -5 -6 -7
leaf_value=0.01457385750225111 -0.00076877508334372707 -0.011736019786842813 0.0011894881742474089 0.0014630504731414054 -0.0022956788842922998 0.00033226946086509771
leaf_weight=1186 63771 3814 28771 3552 4806 44200
leaf_count=1186 63771 3814 28771 3552 4806 44200
internal_value=-0.000107259 -0.000214382 0.000322324 -0.000158359 -0.000192784 -0.000136397
internal_weight=150100 120143 29957 116329 112777 107971
internal_count=150100 120143 29957 116329 112777 107971
is_linear=0
shrinkage=0.05


Tree=90
num_leaves=7
num_cat=0
split_feature=5 4 8 8 1 2
split_gain=2.65228 1.92117 2.27075 3.49375 1.91917 2.60737
threshold=8.5000000000000018 1.4383940507522852 1.0973011435000002 1.2509439210000004 4.5000000000000009 5.5000000000000009
decision_type=2 10 2 2 2 2
left_child=-1 4 -3 -4 -2 -6
right_child=1 2 3 -5 5 -7
leaf_value=-0.0011155865519134681 0.0098273919111317894 0.0058701505242666997 -0.0045627197287134358 0.0017410944665048991 -1.255216142936106e-05 -0.0040151111763149947
leaf_weight=26516 4608 1336 1058 1001 105582 10104
leaf_count=26516 4608 1336 1058 1001 105582 10104
internal_value=-0.000103938 -6.65007e-06 0.00116544 0.000122335 -3.97765e-05 -7.96524e-05
internal_weight=150205 123689 3395 2059 120294 115686
internal_count=150205 123689 3395 2059 120294 115686
is_linear=0
shrinkage=0.05


Tree=91
num_leaves=7
num_cat=0
split_feature=3 0 6 8 7 8
split_gain=2.79382 2.81496 3.47174 3.16368 6.83458 5.13664
threshold=-40.311267006999991 79.500000000000014 1.5000000000000002 1.1498205515000002 0.95040423350000014 1.1583168575000002
decision_type=2 2 2 2 2 2
left_child=-1 2 3 -2 -5 -6
right_child=1 -3 -4 4 5 -7
leaf_value=-0.0058073636263848939 -0.00082989652051924153 0.00097759736423390213 -0.003223866758579079 0.0045655729295864516 0.0032156873010508453 -0.00017837495901440895
leaf_weight=3501 49910 47377 6757 2413 1723 38296
leaf_count=3501 49910 47377 6757 2413 1723 38296
internal_value=-0.000103296 -6.99073e-05 -0.00022146 -0.00014137 0.000176025 2.00499e-05
internal_weight=149977 146476 99099 92342 42432 40019
internal_count=149977 146476 99099 92342 42432 40019
is_linear=0
shrinkage=0.05


Tree=92
num_leaves=7
num_cat=0
split_feature=7 9 7 7 2 2
split_gain=2.22274 2.75038 3.6449 5.09956 2.56725 2.47248
threshold=1.0666280860000004 31.500000000000004 1.0133193015000004 1.0105400360000003 3.5000000000000004 4.5000000000000009
decision_type=2 2 2 2 2 2
left_child=1 -1 3 -3 -2 -6
right_child=4 2 -4 -5 5 -7
leaf_value=-0.00074253135413134799 4.1621923870964106e-05 0.0010137453493187477 -0.0014626391269567766 0.0050323867305881098 0.0058600004292207811 0.00079573485549824731
leaf_weight=85027 16385 25807 14931 1069 3682 3022
leaf_count=85027 16385 25807 14931 1069 3682 3022
internal_value=-8.4091e-05 -0.000166235 0.000165801 0.000513745 0.000367086 0.00119094
internal_weight=149923 126834 41807 26876 23089 6704
internal_count=149923 126834 41807 26876 23089 6704
is_linear=0
shrinkage=0.05


Tree=93
num_leaves=7
num_cat=0
split_feature=7 7 9 4 8 8
split_gain=2.2078 5.3667 3.87537 2.20231 2.30967 2.80806
threshold=0.98090606100000011 0.98188359350000021 37.500000000000007 1.4134067176919642 1.0973011435000002 1.2539781225000002
decision_type=2 2 2 10 2 2
left_child=2 -2 -1 -3 -5 -6
right_child=1 3 -4 4 5 -7
leaf_value=-0.0016877785907517763 0.012312664221525306 -0.00014266563187074631 0.0011557706644445861 0.0058814326250339905 -0.0022094309870677648 0.0017762525822094021
leaf_weight=35035 1194 99215 10579 1402 1316 1203
leaf_count=35035 1194 99215 10579 1402 1316 1203
internal_value=-0.000104103 2.27626e-05 -0.000394244 -1.59012e-05 0.00114557 0.000238708
internal_weight=149944 104330 45614 103136 3921 2519
internal_count=149944 104330 45614 103136 3921 2519
is_linear=0
shrinkage=0.05


Tree=94
num_leaves=7
num_cat=0
split_feature=1 6 5 2 1 3
split_gain=2.83891 2.28888 1.62293 1.67884 2.51616 1.85938
threshold=1.5000000000000002 1.5000000000000002 5.5000000000000009 4.5000000000000009 22.500000000000004 -34.394098476499991
decision_type=2 2 2 2 2 2
left_child=-1 2 -2 5 -5 -4
right_child=1 -3 3 4 -6 -7
leaf_value=0.014530612261026855 -0.0010477784612078977 -0.0022484328645498318 0.0040850346234353255 0.000212759034301197 -0.0047459428548336548 0.00011635898193122195
leaf_weight=1186 11118 15317 1298 10716 7548 102904
leaf_count=1186 11118 15317 1298 10716 7548 102904
internal_value=-9.30602e-05 -0.000112504 -4.61122e-05 6.40908e-06 -0.000435711 8.39189e-05
internal_weight=150087 148901 133584 122466 18264 104202
internal_count=150087 148901 133584 122466 18264 104202
is_linear=0
shrinkage=0.05


Tree=95
num_leaves=7
num_cat=0
split_feature=3 0 2 7 7 2
split_gain=2.21682 2.19284 3.17673 1.90331 5.00877 7.43269
threshold=-40.311267006999991 90.500000000000014 4.5000000000000009 0.93329989300000016 0.95040423350000014 1.0000000180025095e-35
decision_type=2 2 2 2 2 2
left_child=-1 2 3 -2 5 -5
right_child=1 -3 -4 4 -6 -7
leaf_value=-0.0047832515542214236 -0.0016822048558262439 0.0012318343301193253 -0.00536014201564999 0.0032144561049690457 -0.00026692792371062332 0.0011065710339267737
leaf_weight=3552 7285 34135 6556 1132 92561 4930
leaf_count=3552 7285 34135 6556 1132 92561 4930
internal_value=-9.6417e-05 -6.64892e-05 -0.000173026 -0.000106881 -4.92513e-05 0.00134251
internal_weight=150151 146599 112464 105908 98623 6062
internal_count=150151 146599 112464 105908 98623 6062
is_linear=0
shrinkage=0.05


Tree=96
num_leaves=7
num_cat=0
split_feature=7 7 9 8 8 8
split_gain=2.39044 3.97673 3.231 3.96406 9.30191 5.08037
threshold=0.97489216750000007 0.96600496150000004 32.500000000000007 1.0474783540000001 0.98958124150000015 1.2098580355000002
decision_type=2 2 2 2 2 2
left_child=1 2 -1 4 -4 -5
right_child=-2 -3 3 5 -6 -7
leaf_value=-0.001243825835010497 9.103987073271818e-05 -0.0037138797101898754 0.00049978120819977147 -0.0035398657660641666 0.0082979576987569689 0.0028372546600403132
leaf_weight=22246 110460 7220 4327 3073 1534 1312
leaf_count=22246 110460 7220 4327 3073 1534 1312
internal_value=-7.34473e-05 -0.000406124 -0.00017017 0.000564335 0.00141451 -0.000572324
internal_weight=150172 39712 32492 10246 5861 4385
internal_count=150172 39712 32492 10246 5861 4385
is_linear=0
shrinkage=0.05


Tree=97
num_leaves=7
num_cat=0
split_feature=0 2 0 8 8 7
split_gain=2.44576 3.23039 2.14793 2.44069 2.39762 3.38119
threshold=116.50000000000001 5.5000000000000009 75.500000000000014 0.7930155080000002 1.0321013790000002 0.92443817650000015
decision_type=2 2 2 2 2 2
left_child=1 2 -1 -4 5 -5
right_child=-2 -3 3 4 -6 -7
leaf_value=-0.00032388289343319629 0.011262514535554404 -0.0046180402082283377 -0.0078599325845599508 0.0058316055362599428 0.00011955251099150816 0.001790634201396751
leaf_weight=94043 3522 13085 1046 1096 23736 13369
leaf_count=94043 3522 13085 1046 1096 23736 13369
internal_value=-8.33384e-05 -0.000114685 -4.10749e-05 0.000269604 0.00033496 0.000842259
internal_weight=149897 146375 133290 39247 38201 14465
internal_count=149897 146375 133290 39247 38201 14465
is_linear=0
shrinkage=0.05


Tree=98
num_leaves=7
num_cat=0
split_feature=0 3 0 8 8 7
split_gain=2.29372 2.10832 2.02441 2.78522 9.60219 4.39858
threshold=118.50000000000001 -40.311267006999991 71.500000000000014 1.1539373030000004 1.1583168575000002 0.95658633950000016
decision_type=2 2 2 2 2 2
left_child=1 -1 3 -3 -5 -6
right_child=-2 2 -4 4 5 -7
leaf_value=-0.0042666535739144824 0.012624485241019036 -0.00087845914991508105 0.00061506418580286335 0.0039371840751122496 0.0026589278195023706 -0.00028311893569989583
leaf_weight=3502 1162 48765 55861 1379 2957 36566
leaf_count=3502 1162 48765 55861 1379 2957 36566
internal_value=-7.01085e-05 -8.73962e-05 -5.82005e-05 -0.000205388 9.88822e-05 -4.44627e-05
internal_weight=150192 149030 145528 89667 40902 39523
internal_count=150192 149030 145528 89667 40902 39523
is_linear=0
shrinkage=0.05


Tree=99
num_leaves=7
num_cat=0
split_feature=7 8 6 7 7 8
split_gain=2.1759 2.20679 2.17115 3.23212 8.5017 3.68996
threshold=1.0666280860000004 1.4622407320000004 1.0000000180025095e-35 1.0133193015000004 1.0110071485000003 0.9386557415000002
decision_type=2 2 2 2 2 2
left_child=1 2 3 4 -1 -5
right_child=-2 -3 -4 5 -6 -7
leaf_value=0.00040227083191469597 0.00067552876450093489 -0.0023785473595101525 -0.00099565571200211701 0.0055958961147755497 0.004596990579016004 -0.0011979541895832265
leaf_weight=42368 23060 2680 56241 1526 1306 22633
leaf_count=42368 23060 2680 56241 1526 1306 22633
internal_value=-0.000102024 -0.000183301 -0.000152605 3.78469e-05 0.000294535 -0.000426151
internal_weight=149814 126754 124074 67833 43674 24159
internal_count=149814 126754 124074 67833 43674 24159
is_linear=0
shrinkage=0.05


Tree=100
num_leaves=7
num_cat=0
split_feature=7 7 8 7 8 2
split_gain=2.22227 4.28415 3.51328 3.72609 4.8666 8.97329
threshold=0.98090606100000011 0.98188359350000021 1.3479232185000003 0.95127642350000008 1.1555353710000003 1.5000000000000002
decision_type=2 2 2 2 2 2
left_child=2 -2 3 4 -1 -6
right_child=1 -3 -4 -5 5 -7
leaf_value=-0.00055216573815794251 0.01076278065676455 8.5072712852761793e-05 0.0051687843852440372 -0.0024348094155031571 0.0050001477369350832 -0.003122277697025738
leaf_weight=17947 1234 103143 1072 23653 1323 1551
leaf_count=17947 1234 103143 1072 23653 1323 1551
internal_value=-5.14086e-05 7.57548e-05 -0.000342803 -0.000411093 7.67064e-05 0.00198506
internal_weight=149923 104377 45546 44474 20821 2874
internal_count=149923 104377 45546 44474 20821 2874
is_linear=0
shrinkage=0.05


Tree=101
num_leaves=7
num_cat=0
split_feature=3 0 2 8 2 7
split_gain=1.84979 2.0472 2.28031 3.45922 3.26186 1.87341
threshold=-40.311267006999991 97.500000000000014 4.5000000000000009 0.90125376700000015 5.5000000000000009 1.1096761955000003
decision_type=2 2 2 2 2 2
left_child=-1 2 -2 4 -4 -3
right_child=1 5 3 -5 -6 -7
leaf_value=-0.003987895965019422 -0.00016649762877225628 0.001068867287073703 0.0040774723393217551 -0.0067664721680496132 -0.0073929461801927584 0.014798829527045239
leaf_weight=3564 111428 24409 1731 5972 1621 1396
leaf_count=3564 111428 24409 1731 5972 1621 1396
internal_value=-9.69358e-05 -6.95445e-05 -0.000155934 -0.00090685 0.000378313 0.000334657
internal_weight=150121 146557 120752 9324 3352 25805
internal_count=150121 146557 120752 9324 3352 25805
is_linear=0
shrinkage=0.05


Tree=102
num_leaves=7
num_cat=0
split_feature=0 2 8 2 6 8
split_gain=2.46752 3.95502 2.00384 3.55243 1.93811 1.79931
threshold=89.500000000000014 4.5000000000000009 0.91747195150000016 5.5000000000000009 1.5000000000000002 1.4622407320000004
decision_type=2 2 2 2 2 2
left_child=1 4 3 -3 5 -1
right_child=-2 2 -4 -5 -6 -7
leaf_value=-5.5420039192298889e-05 0.0011214057031675056 0.0032802986905911035 -0.0084120877726663237 -0.010984706956750925 -0.0021627586685744821 -0.0013115018982662492
leaf_weight=94672 37313 1406 4276 1524 6187 4239
leaf_count=94672 37313 1406 4276 1524 6187 4239
internal_value=-9.0512e-05 -0.000207553 -0.00134031 -0.000332198 -0.000129826 -7.61005e-05
internal_weight=149617 112304 7206 2930 105098 98911
internal_count=149617 112304 7206 2930 105098 98911
is_linear=0
shrinkage=0.05


end of trees

feature_importances:
legal_balls=146
crease_sr_idx=120
crease_avg_idx=100
run_rate_rel=51
runs_vs_par=47
crease_balls=45
wickets=37
balls_remaining=35
runs_last_12=28
wickets_last_12=9

parameters:
[boosting: gbdt]
[objective: quantile]
[metric: quantile]
[tree_learner: serial]
[device_type: cpu]
[data_sample_strategy: bagging]
[data: ]
[valid: ]
[num_iterations: 103]
[learning_rate: 0.05]
[num_leaves: 7]
[num_threads: 12]
[seed: 7]
[deterministic: 1]
[force_col_wise: 0]
[force_row_wise: 1]
[histogram_pool_size: -1]
[max_depth: -1]
[min_data_in_leaf: 1000]
[min_sum_hessian_in_leaf: 0.001]
[bagging_fraction: 0.8]
[pos_bagging_fraction: 1]
[neg_bagging_fraction: 1]
[bagging_freq: 1]
[bagging_seed: 17422]
[bagging_by_query: 0]
[feature_fraction: 0.8]
[feature_fraction_bynode: 1]
[feature_fraction_seed: 7040]
[extra_trees: 0]
[extra_seed: 6516]
[early_stopping_round: 0]
[early_stopping_min_delta: 0]
[first_metric_only: 0]
[max_delta_step: 0]
[lambda_l1: 0]
[lambda_l2: 5]
[linear_lambda: 0]
[min_gain_to_split: 0]
[drop_rate: 0.1]
[max_drop: 50]
[skip_drop: 0.5]
[xgboost_dart_mode: 0]
[uniform_drop: 0]
[drop_seed: 15215]
[top_rate: 0.2]
[other_rate: 0.1]
[min_data_per_group: 100]
[max_cat_threshold: 32]
[cat_l2: 10]
[cat_smooth: 10]
[max_cat_to_onehot: 4]
[top_k: 20]
[monotone_constraints: ]
[monotone_constraints_method: basic]
[monotone_penalty: 0]
[feature_contri: ]
[forcedsplits_filename: ]
[refit_decay_rate: 0.9]
[cegb_tradeoff: 1]
[cegb_penalty_split: 0]
[cegb_penalty_feature_lazy: ]
[cegb_penalty_feature_coupled: ]
[path_smooth: 0]
[interaction_constraints: ]
[verbosity: -1]
[saved_feature_importance_type: 0]
[use_quantized_grad: 0]
[num_grad_quant_bins: 4]
[quant_train_renew_leaf: 0]
[stochastic_rounding: 1]
[linear_tree: 0]
[max_bin: 255]
[max_bin_by_feature: ]
[min_data_in_bin: 3]
[bin_construct_sample_cnt: 200000]
[data_random_seed: 61]
[is_enable_sparse: 1]
[enable_bundle: 1]
[use_missing: 1]
[zero_as_missing: 0]
[feature_pre_filter: 1]
[pre_partition: 0]
[two_round: 0]
[header: 0]
[label_column: ]
[weight_column: ]
[group_column: ]
[ignore_column: ]
[categorical_feature: ]
[forcedbins_filename: ]
[precise_float_parser: 0]
[parser_config_file: ]
[objective_seed: 15521]
[num_class: 1]
[is_unbalance: 0]
[scale_pos_weight: 1]
[sigmoid: 1]
[boost_from_average: 1]
[reg_sqrt: 0]
[alpha: 0.95]
[fair_c: 1]
[poisson_max_delta_step: 0.7]
[tweedie_variance_power: 1.5]
[lambdarank_truncation_level: 30]
[lambdarank_norm: 1]
[label_gain: ]
[lambdarank_position_bias_regularization: 0]
[eval_at: ]
[multi_error_top_k: 1]
[auc_mu_weights: ]
[num_machines: 1]
[local_listen_port: 12400]
[time_out: 120]
[machine_list_filename: ]
[machines: ]
[gpu_platform_id: -1]
[gpu_device_id: -1]
[gpu_device_id_list: ]
[gpu_use_dp: 0]
[num_gpu: 1]

end of parameters

pandas_categorical:null
