tree
version=v4
num_class=1
num_tree_per_iteration=1
label_index=0
max_feature_idx=6
objective=quantile
feature_names=legal_balls balls_remaining wickets runs_vs_par run_rate_rel runs_last_12 wickets_last_12
feature_infos=[0:119] [1:120] [0:9] [-93.522574517825831:112.63936535162949] [0:8.2525389670341607] [0:64] [0:5]
tree_sizes=761 808 800 801 801 801 797 803 804 806 809 807 807 812 808 803 810 811 811 809 802 818 811 814 811 815 813 811 820 816 811 808 813 816 818 815 819 821 821 812 816 817 820 816 816 818 816 817 818 813 820 818 813 822 816 814 824 817 814 818 817 817 818 812 818 822

Tree=0
num_leaves=7
num_cat=0
split_feature=2 2 0 2 0 0
split_gain=454.251 90.8125 76.3397 62.8331 60.5494 25.9124
threshold=5.5000000000000009 7.5000000000000009 83.500000000000014 3.5000000000000004 62.500000000000007 110.50000000000001
decision_type=2 2 2 2 2 2
left_child=3 2 -2 -1 -5 -3
right_child=1 5 -4 4 -6 -7
leaf_value=0.63248290960678943 0.6054532574240421 0.5968500173431126 0.61219330697720908 0.61526720619404585 0.62576522118157896 0.59571843445301054
leaf_weight=87652 1033 1006 6818 2893 20213 1116
leaf_count=87652 1033 1006 6818 2893 20213 1116
internal_value=0.627046 0.616828 0.619317 0.627966 0.625647 0.607657
internal_weight=120731 9973 7851 110758 23106 2122
internal_count=120731 9973 7851 110758 23106 2122
is_linear=0
shrinkage=1


Tree=1
num_leaves=7
num_cat=0
split_feature=3 0 6 6 3 6
split_gain=147.133 89.3915 37.1944 36.7541 14.0771 13.0898
threshold=-26.116140525725665 114.50000000000001 1.5000000000000002 1.5000000000000002 -36.798861614776875 1.0000000180025095e-35
decision_type=2 2 2 2 2 2
left_child=3 2 -2 4 5 -1
right_child=1 -3 -4 -5 -6 -7
leaf_value=-0.016991911781450767 0.0042199778831554019 -0.02978592172265053 -0.0053182150784932382 -0.022786153586414892 -0.0084650625038896112 -0.022582914073309292
leaf_weight=2038 96530 4143 8151 1802 6489 2048
leaf_count=2038 96530 4143 8151 1802 6489 2048
internal_value=5.5711e-05 0.000643303 0.000928515 -0.00510883 -0.00398039 -0.00627842
internal_weight=121201 108824 104681 12377 10575 4086
internal_count=121201 108824 104681 12377 10575 4086
is_linear=0
shrinkage=0.05


Tree=2
num_leaves=7
num_cat=0
split_feature=2 2 1 2 1 1
split_gain=374.809 83.5921 66.3919 56.1479 60.1358 34.3537
threshold=5.5000000000000009 7.5000000000000009 36.500000000000007 3.5000000000000004 66.500000000000014 9.5000000000000018
decision_type=2 2 2 2 2 2
left_child=3 2 -2 -1 -5 -3
right_child=1 5 -4 4 -6 -7
leaf_value=0.0051267006731873961 -0.013029976573478364 -0.028296625636518004 -0.019675554165243903 -0.0017451175562159264 -0.012144434802662786 -0.028225017269922204
leaf_weight=87634 6854 1156 1004 21701 1533 1004
leaf_count=87634 6854 1156 1004 21701 1533 1004
internal_value=6.50587e-05 -0.00919435 -0.00679194 0.000902113 -0.00128297 -0.0178984
internal_weight=120886 10018 7858 110868 23234 2160
internal_count=120886 10018 7858 110868 23234 2160
is_linear=0
shrinkage=0.05


Tree=3
num_leaves=7
num_cat=0
split_feature=3 0 6 6 4 0
split_gain=126.985 80.7238 31.8225 29.55 15.3086 13.5204
threshold=-27.55363330037547 113.50000000000001 1.5000000000000002 1.5000000000000002 0.54361398529509264 109.50000000000001
decision_type=2 2 2 2 10 2
left_child=3 2 -2 4 -1 -6
right_child=1 -3 -4 -5 5 -7
leaf_value=-0.020070162471868769 0.0038841080216571126 -0.026881794354692103 -0.0051461963793103475 -0.023414269944183913 -0.0093421881101890814 -0.022421846209414849
leaf_weight=1042 96981 5048 8071 1599 7183 1038
leaf_count=1042 96981 5048 8071 1599 7183 1038
internal_value=7.73352e-05 0.000586259 0.00088314 -0.00507914 -0.00399142 -0.00326374
internal_weight=120962 110100 105052 10862 9263 8221
internal_count=120962 110100 105052 10862 9263 8221
is_linear=0
shrinkage=0.05


Tree=4
num_leaves=7
num_cat=0
split_feature=2 2 0 0 2 0
split_gain=314.189 93.2386 62.6553 58.1553 22.7145 17.2597
threshold=6.5000000000000009 4.5000000000000009 98.500000000000014 73.500000000000014 7.5000000000000009 115.50000000000001
decision_type=2 2 2 2 2 2
left_child=1 -1 -2 -3 -4 -5
right_child=2 3 4 5 -6 -7
leaf_value=0.0039314029293366698 -0.023344277383093456 -0.014037828642687725 -0.015863215969380114 -0.0037295876546668272 -0.025537704636957499 -0.027124780716319408
leaf_weight=102128 1036 1632 1940 11039 1728 1521
leaf_count=102128 1036 1632 1940 11039 1728 1521
internal_value=0.000102537 0.000615087 -0.0125589 -0.00318166 -0.0094691 -0.00202547
internal_weight=121024 116320 4704 14192 3668 12560
internal_count=121024 116320 4704 14192 3668 12560
is_linear=0
shrinkage=0.05


Tree=5
num_leaves=7
num_cat=0
split_feature=2 2 0 0 2 2
split_gain=315.136 87.8204 57.2795 49.9388 21.49 16.4157
threshold=6.5000000000000009 4.5000000000000009 98.500000000000014 70.500000000000014 7.5000000000000009 3.5000000000000004
decision_type=2 2 2 2 2 2
left_child=1 5 -2 -3 -4 -1
right_child=2 3 4 -5 -6 -7
leaf_value=0.0045037292293671595 -0.022539999247623448 -0.013030656856852807 -0.015069988960279158 -0.0061229390856165087 -0.02478418403244681 -0.0013727368792927465
leaf_weight=87522 1062 1356 1961 12750 1758 14470
leaf_count=87522 1062 1356 1961 12750 1758 14470
internal_value=7.93944e-05 0.000597702 -0.0124943 -0.00309936 -0.00954686 0.00110915
internal_weight=120879 116098 4781 14106 3719 101992
internal_count=120879 116098 4781 14106 3719 101992
is_linear=0
shrinkage=0.05


Tree=6
num_leaves=7
num_cat=0
split_feature=2 2 0 2 0 0
split_gain=270.7 71.5583 56.168 40.6424 52.7578 26.7245
threshold=5.5000000000000009 7.5000000000000009 83.500000000000014 3.5000000000000004 53.500000000000007 110.50000000000001
decision_type=2 2 2 2 2 2
left_child=3 2 -2 -1 -5 -3
right_child=1 5 -4 4 -6 -7
leaf_value=0.0043480920771343749 -0.016092952574967383 -0.023605134393659365 -0.010177384699619794 -0.011129062766321886 -0.0011658765786619815 -0.023371598610299065
leaf_weight=87554 1013 1006 6927 1541 21693 1120
leaf_count=87554 1013 1006 6927 1541 21693 1120
internal_value=0.000109922 -0.00773856 -0.00555066 0.000823337 -0.00103554 -0.0158775
internal_weight=120854 10066 7940 110788 23234 2126
internal_count=120854 10066 7940 110788 23234 2126
is_linear=0
shrinkage=0.05


Tree=7
num_leaves=7
num_cat=0
split_feature=2 2 0 0 0 4
split_gain=258.978 69.3432 64.0018 44.1596 18.13 14.5185
threshold=6.5000000000000009 4.5000000000000009 98.500000000000014 69.500000000000014 116.50000000000001 0.69710244547102618
decision_type=2 2 2 2 2 8
left_child=1 5 -2 -3 -5 -1
right_child=2 3 -4 4 -6 -7
leaf_value=-0.0010245040421659678 -0.020041380764020639 -0.01113996073280301 -0.021853030272972331 -0.0030618277898660454 -0.026242565859443526 0.004186212121694205
leaf_weight=16683 1062 1276 3697 11681 1110 85206
leaf_count=16683 1062 1276 3697 11681 1110 85206
internal_value=0.000110897 0.000580281 -0.0113145 -0.00270981 -0.00182264 0.00103463
internal_weight=120715 115956 4759 14067 12791 101889
internal_count=120715 115956 4759 14067 12791 101889
is_linear=0
shrinkage=0.05


Tree=8
num_leaves=7
num_cat=0
split_feature=2 1 2 1 1 2
split_gain=239.117 67.4485 63.6382 39.4627 14.8472 14.4206
threshold=6.5000000000000009 21.500000000000004 4.5000000000000009 47.500000000000007 3.5000000000000004 2.5000000000000004
decision_type=2 2 2 2 2 2
left_child=2 -2 5 4 -4 -1
right_child=1 -3 3 -5 -6 -7
leaf_value=0.0042577035915154554 -0.020760378759323714 -0.01946603998770793 -0.024930437566471349 -0.011090478159403436 -0.0032800716253068673 0.0003544425846467472
leaf_weight=69794 3717 1061 1083 1521 11464 32054
leaf_count=69794 3717 1061 1083 1521 11464 32054
internal_value=0.000103853 -0.010852 0.000555896 -0.00259575 -0.00167165 0.000991331
internal_weight=120694 4778 115916 14068 12547 101848
internal_count=120694 4778 115916 14068 12547 101848
is_linear=0
shrinkage=0.05


Tree=9
num_leaves=7
num_cat=0
split_feature=2 0 2 2 0 0
split_gain=198.899 53.6056 38.4384 31.7095 49.1851 15.7867
threshold=5.5000000000000009 92.500000000000014 7.5000000000000009 3.5000000000000004 54.500000000000007 116.50000000000001
decision_type=2 2 2 2 2 2
left_child=3 -2 -3 -1 -5 -6
right_child=1 2 -4 4 5 -7
leaf_value=0.0037200366491254525 -0.015892509804895046 -0.0078863228461561602 -0.020072348228169307 -0.0096803740386015372 8.7475773029567806e-05 -0.024088289387075384
leaf_weight=87579 2014 6113 1883 1648 20604 1006
leaf_count=87579 2014 6113 1883 1648 20604 1006
internal_value=0.00013047 -0.00661757 -0.00477565 0.000740175 -0.000900787 -0.000264862
internal_weight=120847 10010 7996 110837 23258 21610
internal_count=120847 10010 7996 110837 23258 21610
is_linear=0
shrinkage=0.05


Tree=10
num_leaves=7
num_cat=0
split_feature=2 0 2 0 6 2
split_gain=190.275 61.4233 53.401 37.0771 14.4336 12.9653
threshold=6.5000000000000009 98.500000000000014 4.5000000000000009 66.500000000000014 1.0000000180025095e-35 7.5000000000000009
decision_type=2 2 2 2 2 2
left_child=2 -2 4 -4 -1 -3
right_child=1 5 3 -5 -6 -7
leaf_value=0.004441105081772926 -0.017467008487688007 -0.011086980461388393 -0.0096411908661672725 -0.0045530522848548577 0.00025919590002650188 -0.019242107037286252
leaf_weight=64820 1037 2010 1045 13116 37178 1756
leaf_count=64820 1037 2010 1045 13116 37178 1756
internal_value=9.8002e-05 -0.00964902 0.000501425 -0.00237523 0.000900905 -0.00666534
internal_weight=120962 4803 116159 14161 101998 3766
internal_count=120962 4803 116159 14161 101998 3766
is_linear=0
shrinkage=0.05


Tree=11
num_leaves=7
num_cat=0
split_feature=2 0 2 0 0 2
split_gain=170.064 57.9744 49.7342 54.1999 20.3348 10.0057
threshold=6.5000000000000009 98.500000000000014 3.5000000000000004 63.500000000000007 117.50000000000001 4.5000000000000009
decision_type=2 2 2 2 2 2
left_child=2 -2 -1 -4 5 -5
right_child=1 -3 3 4 -6 -7
leaf_value=0.0033771197094551787 -0.01660880743396765 -0.017756637058084751 -0.0084801734237981881 0.0027312664301692956 -0.022656222303478871 -0.0032574921855111219
leaf_weight=87569 1040 3759 3250 11712 1034 12607
leaf_count=87569 1040 3759 3250 11712 1034 12607
internal_value=0.000121739 -0.00909711 0.00050294 -0.00130706 -0.000527151 -0.000234439
internal_weight=120971 4799 116172 28603 25353 24319
internal_count=120971 4799 116172 28603 25353 24319
is_linear=0
shrinkage=0.05


Tree=12
num_leaves=7
num_cat=0
split_feature=2 0 2 2 0 0
split_gain=150.187 52.8584 39.9145 24.2808 38.3651 12.9734
threshold=5.5000000000000009 83.500000000000014 7.5000000000000009 3.5000000000000004 61.500000000000007 116.50000000000001
decision_type=2 2 2 2 2 2
left_child=3 -2 -3 -1 -5 -6
right_child=1 2 -4 4 5 -7
leaf_value=0.0032155756861998821 -0.013102294866829609 -0.0072183779685234088 -0.017392169832517703 -0.0074423933582800266 0.00071623487139982388 -0.02152341118830493
leaf_weight=87276 1112 6954 2052 2708 19562 1011
leaf_count=87276 1112 6954 2052 2708 19562 1011
internal_value=0.000138693 -0.00569051 -0.00441516 0.000672406 -0.000762153 -2.51482e-05
internal_weight=120675 10118 9006 110557 23281 20573
internal_count=120675 10118 9006 110557 23281 20573
is_linear=0
shrinkage=0.05


Tree=13
num_leaves=7
num_cat=0
split_feature=2 1 2 1 1 4
split_gain=142.805 52.5314 38.8083 41.7068 20.2768 9.18835
threshold=6.5000000000000009 21.500000000000004 3.5000000000000004 58.500000000000007 2.5000000000000004 0.70450324840898304
decision_type=2 2 2 2 2 10
left_child=2 -2 5 4 -4 -1
right_child=1 -3 3 -5 -6 -7
leaf_value=-0.00019523582503866552 -0.015999196713554632 -0.015246186543489368 -0.020447240628889682 -0.0072537104408034979 -0.00050130626015604501 0.0037519100967855937
leaf_weight=16531 3797 1062 1025 2862 24631 71071
leaf_count=16531 3797 1062 1025 2862 24631 71071
internal_value=0.000117764 -0.0082756 0.000469322 -0.00113259 -0.000493356 0.000990846
internal_weight=120979 4859 116120 28518 25656 87602
internal_count=120979 4859 116120 28518 25656 87602
is_linear=0
shrinkage=0.05


Tree=14
num_leaves=7
num_cat=0
split_feature=2 1 2 2 1 1
split_gain=119.883 44.1697 31.2136 21.7364 36.5729 10.8729
threshold=5.5000000000000009 34.500000000000007 7.5000000000000009 3.5000000000000004 67.500000000000014 3.5000000000000004
decision_type=2 2 2 2 2 2
left_child=3 2 -2 -1 5 -5
right_child=1 -3 -4 4 -6 -7
leaf_value=0.0029148432961002466 -0.0064894353918200504 -0.011892651070166311 -0.015722601505214085 -0.019424878597445197 -0.0086031625438807088 -4.7612521906315044e-05
leaf_weight=87708 6769 1258 2010 1025 1405 20842
leaf_count=87708 6769 1258 2010 1025 1405 20842
internal_value=0.000117272 -0.00511427 -0.00385388 0.00059062 -0.000767711 -0.000264379
internal_weight=121017 10037 8779 110980 23272 21867
internal_count=121017 10037 8779 110980 23272 21867
is_linear=0
shrinkage=0.05


Tree=15
num_leaves=7
num_cat=0
split_feature=2 0 2 2 0 0
split_gain=114.467 44.0579 21.4893 17.2137 31.2024 13.7176
threshold=5.5000000000000009 88.500000000000014 7.5000000000000009 3.5000000000000004 58.500000000000007 116.50000000000001
decision_type=2 2 2 2 2 2
left_child=3 -2 5 -1 -5 -3
right_child=1 2 -4 4 -6 -7
leaf_value=0.0027764490553501362 -0.011545350161739257 -0.0031799465151920205 -0.01493647142995338 -0.0070839439114454908 -8.9445446109008561e-07 -0.019616733261264285
leaf_weight=87478 1573 5547 1993 2253 21034 1021
leaf_count=87478 1573 5547 1993 2253 21034 1021
internal_value=0.000142241 -0.0049428 -0.00352527 0.000607678 -0.000600313 -0.0021421
internal_weight=120899 10134 8561 110765 23287 6568
internal_count=120899 10134 8561 110765 23287 6568
is_linear=0
shrinkage=0.05


Tree=16
num_leaves=7
num_cat=0
split_feature=2 0 2 0 4 0
split_gain=106.051 43.8622 30.7412 23.8072 13.7713 11.7765
threshold=6.5000000000000009 98.500000000000014 4.5000000000000009 72.500000000000014 0.70450324840898304 115.50000000000001
decision_type=2 2 2 2 8 2
left_child=2 -2 4 -4 -1 -6
right_child=1 -3 3 -5 5 -7
leaf_value=-0.0014512398920863891 -0.013056676444339527 -0.013666283231118527 -0.0081997653421315691 -0.0032140158276271515 0.0030291718278336044 -0.023270204553305741
leaf_weight=17384 1043 3730 1501 12583 83109 1184
leaf_count=17384 1043 3730 1501 12583 83109 1184
internal_value=0.00012805 -0.00717193 0.000429336 -0.00175953 0.000732603 0.000996851
internal_weight=120534 4773 115761 14084 101677 84293
internal_count=120534 4773 115761 14084 101677 84293
is_linear=0
shrinkage=0.05


Tree=17
num_leaves=7
num_cat=0
split_feature=2 0 2 0 0 6
split_gain=94.6283 43.2652 27.2513 33.5597 13.6874 11.5199
threshold=6.5000000000000009 98.500000000000014 3.5000000000000004 65.500000000000014 117.50000000000001 1.0000000180025095e-35
decision_type=2 2 2 2 2 2
left_child=2 -2 5 -4 -5 -1
right_child=1 -3 3 4 -6 -7
leaf_value=0.0037209639325568762 -0.01271488827978849 -0.012982969069562601 -0.0064549001863007304 5.2646915322589327e-05 -0.018292889153468526 0.00015166045128785501
leaf_weight=58468 1034 3752 3644 23758 1050 29115
leaf_count=58468 1034 3752 3644 23758 1050 29115
internal_value=0.000168445 -0.0067178 0.000452753 -0.00089152 -0.000232942 0.000889477
internal_weight=120821 4786 116035 28452 24808 87583
internal_count=120821 4786 116035 28452 24808 87583
is_linear=0
shrinkage=0.05


Tree=18
num_leaves=7
num_cat=0
split_feature=2 0 2 0 6 0
split_gain=89.7995 48.9438 25.9775 29.2556 11.9389 11.7406
threshold=6.5000000000000009 97.500000000000014 3.5000000000000004 66.500000000000014 1.0000000180025095e-35 113.50000000000001
decision_type=2 2 2 2 2 2
left_child=2 -2 4 -4 -1 -5
right_child=1 -3 3 5 -6 -7
leaf_value=0.003514186800565046 -0.011313415004426355 -0.01233382061608447 -0.0061029020166735908 0.00055538903437114221 8.7270998029241684e-05 -0.014020234351843772
leaf_weight=58749 1002 3835 3873 21286 29050 3295
leaf_count=58749 1002 3835 3873 21286 29050 3295
internal_value=0.000154218 -0.00651745 0.000432078 -0.000880741 0.000857563 -0.00024394
internal_weight=121090 4837 116253 28454 87799 24581
internal_count=121090 4837 116253 28454 87799 24581
is_linear=0
shrinkage=0.05


Tree=19
num_leaves=7
num_cat=0
split_feature=2 0 2 6 4 0
split_gain=77.8424 41.043 17.6249 15.2087 12.2247 8.19826
threshold=5.5000000000000009 88.500000000000014 7.5000000000000009 1.0000000180025095e-35 0.69238436584673313 115.50000000000001
decision_type=2 2 2 2 10 2
left_child=3 -2 -3 -1 -5 -6
right_child=1 2 -4 4 5 -7
leaf_value=0.002955212948720132 -0.0099359127606690797 -0.0049122386182536603 -0.012240494212617435 -0.0041815145400703729 0.00078675629016347669 -0.016677232978202908
leaf_weight=67823 1533 6586 1985 7170 34817 1016
leaf_count=67823 1533 6586 1985 7170 34817 1016
internal_value=0.000170133 -0.00403007 -0.0026787 0.00055323 -0.00018235 0.000194835
internal_weight=120930 10104 8571 110826 43003 35833
internal_count=120930 10104 8571 110826 43003 35833
is_linear=0
shrinkage=0.05


Tree=20
num_leaves=7
num_cat=0
split_feature=2 0 2 2 0 0
split_gain=68.1139 32.8966 21.5494 14.2675 32.123 9.59895
threshold=5.5000000000000009 83.500000000000014 7.5000000000000009 2.5000000000000004 50.500000000000007 114.50000000000001
decision_type=2 2 2 2 2 2
left_child=3 -2 -3 -1 -5 -6
right_child=1 2 -4 4 5 -7
leaf_value=0.0025580988217607341 -0.0089273520461996183 -0.0046428414400593049 -0.011628469501986562 -0.006142886065907736 0.0015768007343660306 -0.015843371329292765
leaf_weight=69886 1115 6788 2060 4442 34372 2268
leaf_count=69886 1115 6788 2060 4442 34372 2268
internal_value=0.000192891 -0.0037663 -0.00274257 0.000548512 -0.000190936 0.000296084
internal_weight=120931 9963 8848 110968 41082 36640
internal_count=120931 9963 8848 110968 41082 36640
is_linear=0
shrinkage=0.05


Tree=21
num_leaves=7
num_cat=0
split_feature=3 0 6 4 4 0
split_gain=34.2241 22.5251 13.4344 9.95162 9.77509 9.40063
threshold=-28.649172626562443 115.50000000000001 1.0000000180025095e-35 0.89677037028071738 0.60743474663531316 66.500000000000014
decision_type=2 2 2 10 10 2
left_child=4 2 -2 -4 5 -1
right_child=1 -3 3 -5 -6 -7
leaf_value=-0.0036134892192777549 0.0027851147544178979 -0.015697395116133883 -0.0017462623968449735 0.0016299086391875718 -0.0051354574099602215 -0.010096068490421495
leaf_weight=1260 64331 3378 18879 24536 7448 1251
leaf_count=1260 64331 3378 18879 24536 7448 1251
internal_value=0.000187529 0.000439219 0.000565331 -0.000114291 -0.00261968 -0.00531498
internal_weight=121083 111124 107746 43415 9959 2511
internal_count=121083 111124 107746 43415 9959 2511
is_linear=0
shrinkage=0.05


Tree=22
num_leaves=7
num_cat=0
split_feature=2 0 2 0 4 0
split_gain=61.7269 37.1842 19.6389 17.9246 10.6784 8.58055
threshold=6.5000000000000009 98.500000000000014 4.5000000000000009 79.500000000000014 0.69710244547102618 115.50000000000001
decision_type=2 2 2 2 8 2
left_child=2 -2 4 -4 -1 -6
right_child=1 -3 3 -5 5 -7
leaf_value=-0.0014249781040238678 -0.0099395150917340469 -0.0097388116437433538 -0.0073318806084128373 -0.0015527158051160269 0.0024802670277609285 -0.018080138179193361
leaf_weight=16779 1061 3768 2331 11688 83863 1204
leaf_count=16779 1061 3768 2331 11688 83863 1204
internal_value=0.000182562 -0.00535323 0.000413502 -0.00134074 0.000655026 0.0008824
internal_weight=120694 4829 115865 14019 101846 85067
internal_count=120694 4829 115865 14019 101846 85067
is_linear=0
shrinkage=0.05


Tree=23
num_leaves=7
num_cat=0
split_feature=2 0 6 2 0 2
split_gain=52.5967 28.9285 11.7393 10.9169 10.112 12.662
threshold=5.5000000000000009 88.500000000000014 1.0000000180025095e-35 7.5000000000000009 68.500000000000014 2.5000000000000004
decision_type=2 2 2 2 2 2
left_child=2 -2 -1 -3 5 -4
right_child=1 3 4 -5 -6 -7
leaf_value=0.0025235395366854621 -0.0082991684853270572 -0.0038931824279538315 -0.00011446152607506589 -0.010303332574202056 0.0023649767084074967 -0.0044416531859371279
leaf_weight=67712 1551 6519 16875 1975 19171 7106
leaf_count=67712 1551 6519 16875 1975 19171 7106
internal_value=0.000206118 -0.00325746 0.000520073 -0.00210789 -0.000124429 -0.000808701
internal_weight=120909 10045 110864 8494 43152 23981
internal_count=120909 10045 110864 8494 43152 23981
is_linear=0
shrinkage=0.05


Tree=24
num_leaves=7
num_cat=0
split_feature=2 0 2 0 0 2
split_gain=47.4761 27.8466 15.9439 11.067 9.47742 25.9471
threshold=6.5000000000000009 98.500000000000014 4.5000000000000009 79.500000000000014 57.500000000000007 2.5000000000000004
decision_type=2 2 2 2 2 2
left_child=2 -2 4 -4 5 -1
right_child=1 -3 3 -5 -6 -7
leaf_value=0.0013352997716561163 -0.0088966701861956723 -0.0087367044328460833 -0.0065302518949958387 -0.0014442365435600624 0.0039548420669822002 -0.0051445881246489807
leaf_weight=51894 1032 3704 2355 11620 43798 6185
leaf_count=51894 1032 3704 2355 11620 43798 6185
internal_value=0.000219499 -0.00468467 0.000420173 -0.00116327 0.000637429 0.000218606
internal_weight=120588 4736 115852 13975 101877 58079
internal_count=120588 4736 115852 13975 101877 58079
is_linear=0
shrinkage=0.05


Tree=25
num_leaves=7
num_cat=0
split_feature=2 4 2 4 2 1
split_gain=42.1242 28.0411 10.5948 9.2545 7.97919 7.92224
threshold=4.5000000000000009 0.63177257981722901 7.5000000000000009 0.70450324840898304 1.5000000000000002 2.5000000000000004
decision_type=2 10 2 8 2 2
left_child=3 -2 5 4 -1 -3
right_child=1 2 -4 -5 -6 -7
leaf_value=0.0015325510709029877 -0.0088642580096246759 -0.014568018621495694 -0.0093513307238496501 0.0021052271875646547 -0.0045457997912193909 -0.0013953872131478055
leaf_weight=10353 1782 1053 1847 84469 7101 14215
leaf_count=10353 1782 1053 1847 84469 7101 14215
internal_value=0.000212704 -0.00195522 -0.00133251 0.000614723 -0.000433301 -0.000898972
internal_weight=120820 18897 17115 101923 17454 15268
internal_count=120820 18897 17115 101923 17454 15268
is_linear=0
shrinkage=0.05


Tree=26
num_leaves=7
num_cat=0
split_feature=3 0 4 5 6 0
split_gain=20.3876 17.5453 13.2703 12.0159 8.09194 6.75705
threshold=-40.710666908665935 117.50000000000001 0.92214863355976917 10.500000000000002 1.5000000000000002 111.50000000000001
decision_type=2 2 10 2 2 2
left_child=3 2 4 -1 -2 -4
right_child=1 -3 5 -5 -6 -7
leaf_value=-0.0084929632154379479 0.00014565672934069919 -0.014495883731693266 0.0030420828428267994 -0.0029019282026050298 -0.0045268719966153866 -0.0032896964677034909
leaf_weight=1532 52688 1837 53507 1812 5420 4023
leaf_count=1532 52688 1837 53507 1812 5420 4023
internal_value=0.00022179 0.000331439 0.000408542 -0.00362496 -0.000124413 0.000946815
internal_weight=120819 117475 115638 3344 58108 57530
internal_count=120819 117475 115638 3344 58108 57530
is_linear=0
shrinkage=0.05


Tree=27
num_leaves=7
num_cat=0
split_feature=2 4 2 0 2 0
split_gain=36.5061 20.4633 8.76888 20.4597 7.67093 7.17395
threshold=5.5000000000000009 0.64768820267858751 1.5000000000000002 49.500000000000007 2.5000000000000004 114.50000000000001
decision_type=2 10 2 2 2 2
left_child=2 -2 -1 4 -4 -5
right_child=1 -3 3 5 -6 -7
leaf_value=0.0021264202822101506 -0.0084612892315113746 -0.0055115460668648036 -0.0021540148216873112 0.0019581045258557435 -0.0053731521207639093 -0.012781539107348555
leaf_weight=48349 1289 8734 7961 48023 4162 2406
leaf_count=48349 1289 8734 7961 48023 4162 2406
internal_value=0.000197306 -0.00269171 0.000458519 6.76184e-05 -0.00177626 0.000511014
internal_weight=120924 10023 110901 62552 12123 50429
internal_count=120924 10023 110901 62552 12123 50429
is_linear=0
shrinkage=0.05


Tree=28
num_leaves=7
num_cat=0
split_feature=2 4 6 0 0 2
split_gain=33.9884 23.5408 9.06917 10.5004 8.35496 7.63376
threshold=4.5000000000000009 0.63177257981722901 1.0000000180025095e-35 69.500000000000014 117.50000000000001 1.5000000000000002
decision_type=2 10 2 2 2 2
left_child=2 -2 -1 5 -3 -4
right_child=1 4 3 -5 -6 -7
leaf_value=0.0022528315235972765 -0.0075114938390849388 -0.0020671070927142442 0.00060928166482147146 0.0030760594396342014 -0.012839246200493004 -0.0028189386496483117
leaf_weight=64680 1759 15749 9574 13486 1390 14054
leaf_count=64680 1759 15749 9574 13486 1390 14054
internal_value=0.000161396 -0.0017857 0.000522942 -0.000100083 -0.00121923 -0.000735412
internal_weight=120692 18898 101794 37114 17139 23628
internal_count=120692 18898 101794 37114 17139 23628
is_linear=0
shrinkage=0.05


Tree=29
num_leaves=7
num_cat=0
split_feature=2 0 6 0 2 0
split_gain=32.195 13.9835 8.41989 9.03222 8.70838 8.34771
threshold=5.5000000000000009 94.500000000000014 1.0000000180025095e-35 67.500000000000014 2.5000000000000004 43.500000000000007
decision_type=2 2 2 2 2 2
left_child=2 -2 -1 4 -4 -6
right_child=1 -3 3 -5 5 -7
leaf_value=0.0020068870398730287 -0.0062149116748430539 -0.0053987060420672972 -0.00031452760913935353 0.0019839754994116915 -0.0064111722386557355 -0.0018583620421185794
leaf_weight=67839 2327 7828 16776 19380 2257 4670
leaf_count=67839 2327 7828 16776 19380 2257 4670
internal_value=0.000182872 -0.00251107 0.000429607 -0.000117028 -0.000771575 -0.00226233
internal_weight=121077 10155 110922 43083 23703 6927
internal_count=121077 10155 110922 43083 23703 6927
is_linear=0
shrinkage=0.05


Tree=30
num_leaves=7
num_cat=0
split_feature=2 4 0 0 2 0
split_gain=29.4396 17.9969 8.99498 7.52337 17.8242 7.39921
threshold=4.5000000000000009 0.58597139245746999 117.50000000000001 59.500000000000007 1.5000000000000002 86.500000000000014
decision_type=2 10 2 2 2 2
left_child=3 -2 5 4 -1 -3
right_child=1 2 -4 -5 -6 -7
leaf_value=0.0015302584654659963 -0.0068629139420751982 -0.0058622752430664005 -0.011927348588364989 0.003443368450872405 -0.0025201911346979834 -0.0011804205074834996
leaf_weight=41878 1053 3164 1392 42075 18025 13338
leaf_count=41878 1053 3164 1392 42075 18025 13338
internal_value=0.00019071 -0.00161896 -0.00124392 0.000527 0.000167048 -0.000917489
internal_weight=120925 18947 17894 101978 59903 16502
internal_count=120925 18947 17894 101978 59903 16502
is_linear=0
shrinkage=0.05


Tree=31
num_leaves=7
num_cat=0
split_feature=2 2 0 0 0 2
split_gain=24.9996 13.4245 14.8836 10.0127 7.58201 7.39991
threshold=7.5000000000000009 2.5000000000000004 41.500000000000007 117.50000000000001 75.500000000000014 3.5000000000000004
decision_type=2 2 2 2 2 2
left_child=1 -1 -3 4 5 -4
right_child=-2 2 3 -5 -6 -7
leaf_value=0.0016893470673364276 -0.0070036712522620684 -0.006001445699282966 0.00024777564206758393 -0.011994027202291929 0.0014488591300326251 -0.0040998490185552312
leaf_weight=69597 2165 2375 6977 1525 32133 5796
leaf_count=69597 2165 2375 6977 1525 32133 5796
internal_value=0.000208753 0.000306208 -0.000329536 -0.000131848 3.674e-06 -0.00102657
internal_weight=120568 118403 48806 46431 44906 12773
internal_count=120568 118403 48806 46431 44906 12773
is_linear=0
shrinkage=0.05


Tree=32
num_leaves=7
num_cat=0
split_feature=2 0 2 0 0 2
split_gain=24.8146 12.6208 10.1784 10.8292 8.53985 12.6882
threshold=6.5000000000000009 98.500000000000014 3.5000000000000004 80.500000000000014 47.500000000000007 1.5000000000000002
decision_type=2 2 2 2 2 2
left_child=2 -2 4 -4 5 -1
right_child=1 -3 3 -5 -6 -7
leaf_value=0.0010710542258767443 -0.0068241909323740928 -0.0060249440935698957 -0.0039144199387355829 0.00033171798585880337 0.0034124515541113462 -0.0033861868358618565
leaf_weight=37608 1042 3756 7845 20583 39917 10037
leaf_count=37608 1042 3756 7845 20583 39917 10037
internal_value=0.000168636 -0.00335311 0.000314453 -0.000507509 0.000581326 0.000129329
internal_weight=120788 4798 115990 28428 87562 47645
internal_count=120788 4798 115990 28428 87562 47645
is_linear=0
shrinkage=0.05


Tree=33
num_leaves=7
num_cat=0
split_feature=2 4 0 4 0 0
split_gain=22.9564 12.507 9.68647 7.70157 5.09758 6.2846
threshold=4.5000000000000009 0.63177257981722901 117.50000000000001 0.69710244547102618 113.50000000000001 64.500000000000014
decision_type=2 10 2 10 2 2
left_child=3 -2 -3 -1 5 -5
right_child=1 2 -4 4 -6 -7
leaf_value=-0.0011287600846800643 -0.0061609796129437041 -0.0016144797958908997 -0.010747865698125083 0.00078699141507389465 -0.0094423064128467005 0.003703102415643993
leaf_weight=17760 1750 15698 1382 47993 1917 34202
leaf_count=17760 1750 15698 1382 47993 1917 34202
internal_value=0.000224552 -0.00137908 -0.000965759 0.000521021 0.000720782 0.000780262
internal_weight=120702 18830 17080 101872 84112 82195
internal_count=120702 18830 17080 101872 84112 82195
is_linear=0
shrinkage=0.05


Tree=34
num_leaves=7
num_cat=0
split_feature=2 0 4 4 2 4
split_gain=21.6955 17.0739 10.5917 5.20148 4.17011 6.40435
threshold=7.5000000000000009 116.50000000000001 0.91148050793139757 0.78043911053919834 1.5000000000000002 0.70450324840898304
decision_type=2 2 10 10 2 10
left_child=1 2 4 -2 -1 -6
right_child=3 -3 -4 -5 5 -7
leaf_value=0.00082349704205218483 -0.006502491029743456 -0.010873518456564018 0.00221982380392432 -0.0050444122711840577 -0.0034446765597393823 -8.1629791275574185e-05
leaf_weight=22596 1013 2443 59207 1139 9896 24866
leaf_count=22596 1013 2443 59207 1139 9896 24866
internal_value=0.000185285 0.000275348 0.000362122 -0.00478442 -0.000122117 -0.000465815
internal_weight=121160 119008 116565 2152 57358 34762
internal_count=121160 119008 116565 2152 57358 34762
is_linear=0
shrinkage=0.05


Tree=35
num_leaves=7
num_cat=0
split_feature=2 0 3 0 2 0
split_gain=19.0248 14.0511 7.44299 3.66023 3.42231 7.42072
threshold=7.5000000000000009 117.50000000000001 1.0000000180025095e-35 110.50000000000001 4.5000000000000009 80.500000000000014
decision_type=2 2 2 2 2 2
left_child=1 2 4 -2 -1 -6
right_child=3 -3 -4 -5 5 -7
leaf_value=0.00045145670023822307 -0.006544514863142125 -0.010903766286847366 0.0024705389006339793 -0.0055006583552973986 -0.0048163402438933956 -0.00029386517493310498
leaf_weight=64327 1013 1574 40209 1137 2518 9798
leaf_count=64327 1013 1574 40209 1137 2518 9798
internal_value=0.000189416 0.000274126 0.000337421 -0.00446636 4.83705e-05 -0.000715039
internal_weight=120576 118426 116852 2150 76643 12316
internal_count=120576 118426 116852 2150 76643 12316
is_linear=0
shrinkage=0.05


Tree=36
num_leaves=7
num_cat=0
split_feature=0 4 3 0 0 6
split_gain=18.9404 12.186 4.56621 3.87217 3.19306 3.10186
threshold=117.50000000000001 0.92415229167311919 -46.365838480682321 111.50000000000001 53.500000000000007 1.0000000180025095e-35
decision_type=2 10 2 2 2 2
left_child=1 2 -1 4 -3 -4
right_child=-2 3 5 -5 -6 -7
leaf_value=-0.0046796427031805194 -0.0095929022316402837 0.000963225967692835 0.00041748412024009005 -0.0023450915475246997 0.0035072594151183863 -0.0010504232033232315
leaf_weight=1830 1957 22409 33802 3997 30748 26082
leaf_count=1830 1957 22409 33802 3997 30748 26082
internal_value=0.000179695 0.00026011 -0.000227077 0.00078614 0.000898997 -0.000151781
internal_weight=120825 118868 61714 57154 53157 59884
internal_count=120825 118868 61714 57154 53157 59884
is_linear=0
shrinkage=0.05


Tree=37
num_leaves=7
num_cat=0
split_feature=0 4 6 4 0 0
split_gain=18.1703 10.7154 4.70204 5.32528 3.59142 3.51181
threshold=117.50000000000001 0.91148050793139757 1.0000000180025095e-35 0.64768820267858751 70.500000000000014 112.50000000000001
decision_type=2 10 2 10 2 2
left_child=1 2 -1 4 -4 -3
right_child=-2 5 3 -5 -6 -7
leaf_value=0.0004643651735480499 -0.0092784332677716963 0.0020571101405925606 -0.0031553081816177993 -0.00062179800115603535 -0.0057924569818413388 -0.0031424918602076714
leaf_weight=33130 1964 56547 5518 19125 1001 3478
leaf_count=33130 1964 56547 5518 19125 1001 3478
internal_value=0.000172707 0.000251654 -0.000228228 -0.000736481 -0.00197003 0.000721514
internal_weight=120763 118799 58774 25644 6519 60025
internal_count=120763 118799 58774 25644 6519 60025
is_linear=0
shrinkage=0.05


Tree=38
num_leaves=7
num_cat=0
split_feature=0 4 6 4 0 0
split_gain=16.9479 8.44901 3.66769 4.37314 3.45023 3.40944
threshold=117.50000000000001 0.92415229167311919 1.0000000180025095e-35 0.64768820267858751 70.500000000000014 111.50000000000001
decision_type=2 10 2 10 2 2
left_child=1 2 -1 4 -4 -3
right_child=-2 5 3 -5 -6 -7
leaf_value=0.0005183219225167316 -0.0084517882059888302 0.0019757669110615906 -0.0028548748974057958 -0.00043681590565284732 -0.0054095674149013447 -0.0024014365892404471
leaf_weight=34483 1965 53182 5553 20541 1006 3993
leaf_count=34483 1965 53182 5553 20541 1006 3993
internal_value=0.000189745 0.000266034 -0.000140328 -0.000575539 -0.00169904 0.000703699
internal_weight=120723 118758 61583 27100 6559 57175
internal_count=120723 118758 61583 27100 6559 57175
is_linear=0
shrinkage=0.05


Tree=39
num_leaves=7
num_cat=0
split_feature=0 2 4 0 0 2
split_gain=19.9444 9.66838 5.40603 3.11632 3.60228 5.05909
threshold=117.50000000000001 7.5000000000000009 0.9303418695184581 111.50000000000001 52.500000000000007 1.5000000000000002
decision_type=2 2 10 2 2 2
left_child=1 2 -1 4 5 -4
right_child=-2 -3 3 -5 -6 -7
leaf_value=5.334398658069528e-06 -0.0083387710314533573 -0.0053166952139266392 0.001479734283186307 -0.0028358081817730133 0.0030703288661158672 -0.003102400075703303
leaf_weight=61631 1970 1795 17525 3735 30337 3940
leaf_count=61631 1970 1795 17525 3735 30337 3940
internal_value=0.000185901 0.000268623 0.000324478 0.000682232 0.000782809 0.000287028
internal_weight=120933 118963 117168 55537 51802 21465
internal_count=120933 118963 117168 55537 51802 21465
is_linear=0
shrinkage=0.05


Tree=40
num_leaves=7
num_cat=0
split_feature=1 2 1 2 4 1
split_gain=19.3129 9.15258 7.44959 11.9576 5.49421 4.70314
threshold=2.5000000000000004 4.5000000000000009 57.500000000000007 2.5000000000000004 0.64211133711046309 86.500000000000014
decision_type=2 2 2 2 10 2
left_child=-1 2 -2 -4 -3 -5
right_child=1 4 3 5 -6 -7
leaf_value=-0.0080015594825507408 0.0027064470377880139 -0.0043134321072527326 0.00071506311019213346 -0.0025869733551207217 -0.0014048042865468745 -0.0073472887343313297
leaf_weight=1977 38807 1944 54786 6822 15499 1069
leaf_count=1977 38807 1944 54786 6822 15499 1069
internal_value=0.000148542 0.000230111 0.000411966 7.48621e-05 -0.000827745 -0.00174424
internal_weight=120904 118927 101484 62677 17443 7891
internal_count=120904 118927 101484 62677 17443 7891
is_linear=0
shrinkage=0.05


Tree=41
num_leaves=7
num_cat=0
split_feature=0 2 2 0 0 0
split_gain=18.1248 8.98185 5.71919 10.7891 7.27923 4.87937
threshold=117.50000000000001 7.5000000000000009 2.5000000000000004 36.500000000000007 48.500000000000007 81.500000000000014
decision_type=2 2 2 2 2 2
left_child=1 2 4 -4 -1 -5
right_child=-2 -3 3 5 -6 -7
leaf_value=0.00044216836043242604 -0.0076014815084232039 -0.0049699946028870998 -0.0058788924961227715 -0.0013388466155321813 0.0034621173034612451 0.0011874282226008422
leaf_weight=45534 1959 1801 1516 17248 24079 28384
leaf_count=45534 1959 1801 1516 17248 24079 28384
internal_value=0.000154759 0.000233665 0.000287776 -0.000137425 0.000575749 6.57427e-07
internal_weight=120521 118562 116761 47148 69613 45632
internal_count=120521 118562 116761 47148 69613 45632
is_linear=0
shrinkage=0.05


Tree=42
num_leaves=7
num_cat=0
split_feature=1 2 4 2 1 2
split_gain=18.7603 8.18366 5.61369 2.96936 4.17197 3.28455
threshold=2.5000000000000004 7.5000000000000009 0.91148050793139757 1.5000000000000002 38.500000000000007 4.5000000000000009
decision_type=2 2 10 2 2 2
left_child=-1 2 3 -2 -5 -6
right_child=1 -3 -4 4 5 -7
leaf_value=-0.0072214074330020431 0.00065381977214597166 -0.0047847589097337389 0.0015172451758793341 0.0010439129840310629 -0.0011815539638164584 -0.0044733879538880533
leaf_weight=1939 22587 1816 59665 12776 19715 2415
leaf_count=1939 22587 1816 59665 12776 19715 2415
internal_value=0.000138379 0.00021798 0.000269667 -8.29159e-05 -0.000371946 -0.000787215
internal_weight=120913 118974 117158 57493 34906 22130
internal_count=120913 118974 117158 57493 34906 22130
is_linear=0
shrinkage=0.05


Tree=43
num_leaves=7
num_cat=0
split_feature=0 2 0 2 0 2
split_gain=18.3792 8.34083 7.67345 7.06135 5.44162 3.70866
threshold=117.50000000000001 3.5000000000000004 51.500000000000007 1.5000000000000002 89.500000000000014 7.5000000000000009
decision_type=2 2 2 2 2 2
left_child=1 2 3 -1 -3 -6
right_child=-2 4 -4 -5 5 -7
leaf_value=0.00075454562744947066 -0.0064539286211602199 -0.002769291018677495 0.002736085739064044 -0.0026631853253934624 0.00082435375349592136 -0.0043712134337790098
leaf_weight=39227 1946 11968 36349 11899 17986 1585
leaf_count=39227 1946 11968 36349 11899 17986 1585
internal_value=0.000131443 0.000210345 0.000461677 6.67893e-05 -0.000486701 2.69463e-05
internal_weight=120960 119014 87475 51126 31539 19571
internal_count=120960 119014 87475 51126 31539 19571
is_linear=0
shrinkage=0.05


Tree=44
num_leaves=7
num_cat=0
split_feature=0 2 3 2 0 2
split_gain=17.6948 7.65963 5.22514 2.51711 2.5276 2.32142
threshold=117.50000000000001 7.5000000000000009 1.2298186410719298 2.5000000000000004 62.500000000000007 1.5000000000000002
decision_type=2 2 2 2 2 2
left_child=1 2 5 -4 -5 -1
right_child=-2 -3 3 4 -6 -7
leaf_value=0.00068422867509183079 -0.0058745945869487417 -0.0043281032964149046 0.0025606166670334943 -0.0026824533545641771 0.0011773038346088423 -0.00042787658025619964
leaf_weight=31513 1953 1774 23845 1019 11169 49317
leaf_count=31513 1953 1774 23845 1019 11169 49317
internal_value=0.000134541 0.000212341 0.000261898 0.000762598 0.000177971 3.86591e-05
internal_weight=120590 118637 116863 36033 12188 80830
internal_count=120590 118637 116863 36033 12188 80830
is_linear=0
shrinkage=0.05


Tree=45
num_leaves=7
num_cat=0
split_feature=0 2 4 0 2 2
split_gain=19.3063 7.26428 4.82599 2.72647 5.24852 3.40488
threshold=117.50000000000001 7.5000000000000009 1.0079155407369356 70.500000000000014 1.5000000000000002 4.5000000000000009
decision_type=2 2 10 2 2 2
left_child=1 2 3 4 -1 -5
right_child=-2 -3 -4 5 -6 -7
leaf_value=0.00046546991781715185 -0.0059059392830824115 -0.004136013401500542 0.001763671297827416 0.002268526548023423 -0.0018324256793288203 -0.00078665005826486837
leaf_weight=28649 1962 1777 38718 17192 21360 11238
leaf_count=28649 1962 1777 38718 17192 21360 11238
internal_value=0.000136806 0.000218053 0.000266234 4.07616e-05 -0.000181499 0.000431686
internal_weight=120896 118934 117157 78439 50009 28430
internal_count=120896 118934 117157 78439 50009 28430
is_linear=0
shrinkage=0.05


Tree=46
num_leaves=7
num_cat=0
split_feature=0 2 0 2 0 4
split_gain=11.8989 6.37997 6.75008 9.16591 4.60445 3.60174
threshold=117.50000000000001 4.5000000000000009 58.500000000000007 2.5000000000000004 34.500000000000007 0.63177257981722901
decision_type=2 2 2 2 2 10
left_child=1 2 3 -1 -5 -3
right_child=-2 5 -4 4 -6 -7
leaf_value=0.00042166648186536799 -0.0059220380993926791 -0.0039011537806424067 0.0022139484235684736 -0.0063889005495877827 -0.0026202334951503626 -0.0013847668068303729
leaf_weight=52431 1944 1753 42560 1168 5330 15817
leaf_count=52431 1944 1753 42560 1168 5330 15817
internal_value=0.000109146 0.000172575 0.000324871 -2.16767e-05 -0.00179225 -0.00070697
internal_weight=121003 119059 101489 58929 6498 17570
internal_count=121003 119059 101489 58929 6498 17570
is_linear=0
shrinkage=0.05


Tree=47
num_leaves=7
num_cat=0
split_feature=1 2 3 1 2 2
split_gain=14.58 5.70817 4.6378 2.22704 5.50104 3.39399
threshold=3.5000000000000004 7.5000000000000009 1.2298186410719298 50.500000000000007 1.5000000000000002 4.5000000000000009
decision_type=2 2 2 2 2 2
left_child=-1 2 3 5 -5 -2
right_child=1 -3 -4 4 -6 -7
leaf_value=-0.0050055155950657695 0.0020185271907515708 -0.0037263731083374109 0.0016493432640976536 0.00050223367952742504 -0.0018594599314317737 -0.00096380152514319675
leaf_weight=2957 17753 1621 35768 30792 21153 11003
leaf_count=2957 17753 1621 35768 30792 21153 11003
internal_value=0.000119928 0.000206825 0.000247888 3.78225e-05 -0.000157603 0.000390807
internal_weight=121047 118090 116469 80701 51945 28756
internal_count=121047 118090 116469 80701 51945 28756
is_linear=0
shrinkage=0.05


Tree=48
num_leaves=7
num_cat=0
split_feature=0 4 2 0 0 2
split_gain=11.2843 5.44491 5.43919 2.66121 2.67788 3.06316
threshold=116.50000000000001 0.93226647184621592 7.5000000000000009 112.50000000000001 46.500000000000007 2.5000000000000004
decision_type=2 10 2 2 2 2
left_child=1 2 -1 4 -3 -6
right_child=-2 3 -4 -5 5 -7
leaf_value=-7.8623836075955507e-05 -0.0047391902087242617 0.00032748172649152922 -0.0037204817891666022 -0.0031211404491252527 0.004012688570209616 0.00099855125554621968
leaf_weight=61742 2926 18455 1359 2653 16968 16513
leaf_count=61742 2926 18455 1359 2653 16968 16513
internal_value=0.000135466 0.000211776 -0.000104546 0.000577399 0.000656322 0.000922848
internal_weight=120616 117690 63101 54589 51936 33481
internal_count=120616 117690 63101 54589 51936 33481
is_linear=0
shrinkage=0.05


Tree=49
num_leaves=7
num_cat=0
split_feature=0 4 2 2 0 3
split_gain=9.20487 5.26039 4.10831 1.98367 2.69657 2.60389
threshold=117.50000000000001 1.0079155407369356 7.5000000000000009 2.5000000000000004 35.500000000000007 12.683492625538891
decision_type=2 10 2 2 2 2
left_child=1 2 -1 4 -3 -5
right_child=-2 3 -4 5 -6 -7
leaf_value=1.4921454778312941e-05 -0.0045022306982880483 0.0004958679335784089 -0.0034845358307643856 -0.0017037732041526401 0.0036129955049656591 0.0023271877970799993
leaf_weight=78364 1957 10147 1669 6453 16138 6085
leaf_count=78364 1957 10147 1669 6453 16138 6085
internal_value=0.000131044 0.000187109 -4.45725e-05 0.000664662 0.000911468 0.000147094
internal_weight=120813 118856 80033 38823 26285 12538
internal_count=120813 118856 80033 38823 26285 12538
is_linear=0
shrinkage=0.05


Tree=50
num_leaves=7
num_cat=0
split_feature=0 4 2 3 6 2
split_gain=11.2147 4.87287 4.27832 2.94384 2.89435 2.47484
threshold=117.50000000000001 0.68317980188672911 1.5000000000000002 22.805318340055265 1.0000000180025095e-35 3.5000000000000004
decision_type=2 10 2 2 2 2
left_child=1 2 -1 4 5 -3
right_child=-2 3 -4 -5 -6 -7
leaf_value=0.00036695350441269341 -0.0049401652067188337 0.0013065738477138985 -0.0030457321094129858 0.003323786465352232 -0.00019662309253457599 -0.00095096297215018378
leaf_weight=10680 1980 45378 8881 7046 38491 8633
leaf_count=10680 1980 45378 8881 7046 38491 8633
internal_value=0.000125295 0.000187405 -0.000533962 0.000329171 0.000254089 0.000490179
internal_weight=121089 119109 19561 99548 92502 54011
internal_count=121089 119109 19561 99548 92502 54011
is_linear=0
shrinkage=0.05


Tree=51
num_leaves=7
num_cat=0
split_feature=0 6 4 3 0 6
split_gain=9.88808 4.15349 3.28821 3.01174 2.96968 1.87457
threshold=116.50000000000001 1.0000000180025095e-35 0.69238436584673313 6.4108440107688915 79.500000000000014 1.5000000000000002
decision_type=2 2 10 2 2 2
left_child=1 3 5 -1 -4 -3
right_child=-2 2 4 -5 -6 -7
leaf_value=0.00063638748421033988 -0.0040301109030377045 -0.0013375060429526465 -0.00083993924374348768 0.0030218493577356463 0.0012891013892823656 -0.0043014110119925925
leaf_weight=55034 2989 6727 21564 13661 18982 1726
leaf_count=55034 2989 6727 21564 13661 18982 1726
internal_value=0.000139678 0.000211854 -0.000139835 0.0004627 4.72245e-05 -0.00103659
internal_weight=120683 117694 48999 68695 40546 8453
internal_count=120683 117694 48999 68695 40546 8453
is_linear=0
shrinkage=0.05


Tree=52
num_leaves=7
num_cat=0
split_feature=0 2 0 2 0 0
split_gain=9.64744 4.58677 5.84138 7.14011 2.41038 2.38488
threshold=117.50000000000001 4.5000000000000009 51.500000000000007 2.5000000000000004 33.500000000000007 90.500000000000014
decision_type=2 2 2 2 2 2
left_child=1 2 3 -1 -5 -3
right_child=-2 5 -4 4 -6 -7
leaf_value=0.00020079951327555136 -0.0043006284648271038 -0.0030774501318621152 0.0017721709510120178 -0.005785991501267929 -0.0032848879101374006 -0.0006846865232915866
leaf_weight=47697 1940 4889 49104 1064 3438 12578
leaf_count=47697 1940 4889 49104 1064 3438 12578
internal_value=9.96149e-05 0.000156809 0.000285836 -8.2417e-05 -0.00198469 -0.000591375
internal_weight=120710 118770 101303 52199 4502 17467
internal_count=120710 118770 101303 52199 4502 17467
is_linear=0
shrinkage=0.05


Tree=53
num_leaves=7
num_cat=0
split_feature=0 3 6 4 0 0
split_gain=8.09064 3.7193 3.17217 1.96792 2.09542 1.88438
threshold=117.50000000000001 11.067414946723497 1.0000000180025095e-35 0.69238436584673313 84.500000000000014 76.500000000000014
decision_type=2 2 2 10 2 2
left_child=1 2 -1 4 -4 -5
right_child=-2 -3 3 5 -6 -7
leaf_value=0.00057862498705008036 -0.0040848679902364847 0.0027323432436226632 -0.0013464465139953474 -0.0010910012185853075 -0.004213520085452933 0.00072241298197723777
leaf_weight=60017 1960 16046 7403 18628 1133 15940
leaf_count=60017 1960 16046 7403 18628 1133 15940
internal_value=0.000103338 0.000155804 4.55996e-05 -0.000281612 -0.000961246 -0.000113672
internal_weight=121127 119167 103121 43104 8536 34568
internal_count=121127 119167 103121 43104 8536 34568
is_linear=0
shrinkage=0.05


Tree=54
num_leaves=7
num_cat=0
split_feature=0 2 4 0 2 3
split_gain=6.66171 5.03239 3.66676 2.31566 3.03948 1.92576
threshold=114.50000000000001 7.5000000000000009 0.9344943552889674 91.500000000000014 4.5000000000000009 24.736024392395915
decision_type=2 2 10 2 2 2
left_child=1 2 3 4 -1 -4
right_child=-2 -3 5 -5 -6 -7
leaf_value=-0.00010187398376491474 -0.0034093305351326399 -0.0030478279598742577 0.00096446802382824527 0.0023646742326008997 -0.0036914584066639212 0.0034691999898306632
leaf_weight=48612 4987 1386 46999 8916 4162 5590
leaf_count=48612 4987 1386 46999 8916 4162 5590
internal_value=0.000119181 0.000196356 0.000232732 -2.87705e-05 -0.000154702 0.000539463
internal_weight=120652 115665 114279 61690 52774 52589
internal_count=120652 115665 114279 61690 52774 52589
is_linear=0
shrinkage=0.05


Tree=55
num_leaves=7
num_cat=0
split_feature=0 2 0 2 2 0
split_gain=7.3645 3.78754 5.21994 6.17063 2.49677 1.94727
threshold=117.50000000000001 4.5000000000000009 45.500000000000007 2.5000000000000004 1.5000000000000002 66.500000000000014
decision_type=2 2 2 2 2 2
left_child=1 2 3 -1 -4 -6
right_child=-2 -3 4 -5 5 -7
leaf_value=7.634045772725816e-05 -0.0032388640083760079 -0.0013084727977387565 0.0033920091029248645 -0.0037317601905998373 -0.00026982101097523776 0.001646221376199658
leaf_weight=43373 1973 17449 11810 3062 12725 30594
leaf_count=43373 1973 17449 11810 3062 12725 30594
internal_value=0.00011005 0.000160333 0.00027725 -0.000113318 0.000606205 0.00043042
internal_weight=120986 119013 101564 46435 55129 43319
internal_count=120986 119013 101564 46435 55129 43319
is_linear=0
shrinkage=0.05


Tree=56
num_leaves=7
num_cat=0
split_feature=0 2 0 2 2 2
split_gain=7.80345 3.29732 4.93405 5.02743 2.50116 1.98926
threshold=117.50000000000001 4.5000000000000009 44.500000000000007 2.5000000000000004 1.5000000000000002 1.0000000180025095e-35
decision_type=2 2 2 2 2 2
left_child=1 2 3 5 -4 -1
right_child=-2 -3 4 -5 -6 -7
leaf_value=0.00065845451210784023 -0.0030769208079572076 -0.0012303664532779173 0.0032193405187469822 -0.0036065634397438049 0.0010121544688482544 -0.00066452084592604529
leaf_weight=22121 1975 17574 12328 2884 43751 20437
leaf_count=22121 1975 17574 12328 2884 43751 20437
internal_value=0.000101796 0.000153548 0.000263012 -0.000124211 0.000576769 1.28046e-05
internal_weight=121070 119095 101521 45442 56079 42558
internal_count=121070 119095 101521 45442 56079 42558
is_linear=0
shrinkage=0.05


Tree=57
num_leaves=7
num_cat=0
split_feature=0 2 0 0 4 6
split_gain=7.40281 3.26119 5.86881 4.26256 2.55565 1.82159
threshold=117.50000000000001 2.5000000000000004 36.500000000000007 46.500000000000007 0.70450324840898304 1.5000000000000002
decision_type=2 2 2 2 10 2
left_child=1 3 -3 5 -4 -1
right_child=-2 2 4 -5 -6 -7
leaf_value=0.00024514007602705301 -0.0033943687985890461 -0.0040875978349245628 -0.0022189919304433751 0.0022224162045153414 0.00018003290534701483 -0.0044712044511162402
leaf_weight=42705 1961 1493 6720 25633 40833 1447
leaf_count=42705 1961 1493 6720 25633 40833 1447
internal_value=9.42077e-05 0.000144548 -0.000167886 0.000364128 -7.08082e-05 6.63542e-05
internal_weight=120792 118831 49046 69785 47553 44152
internal_count=120792 118831 49046 69785 47553 44152
is_linear=0
shrinkage=0.05


Tree=58
num_leaves=7
num_cat=0
split_feature=0 2 0 2 2 0
split_gain=6.88654 3.73416 2.8543 5.6613 4.38748 4.33229
threshold=115.50000000000001 7.5000000000000009 44.500000000000007 2.5000000000000004 3.5000000000000004 83.500000000000014
decision_type=2 2 2 2 2 2
left_child=1 2 3 -1 -4 -6
right_child=-2 -3 4 -5 5 -7
leaf_value=4.2077181725972531e-05 -0.0028268958222535975 -0.002823064327284915 0.0017671022969520023 -0.0033132467050022655 -0.0024856083668091285 0.00088885071080335308
leaf_weight=42316 3922 1456 42322 2999 8516 19292
leaf_count=42316 3922 1456 42322 2999 8516 19292
internal_value=7.45482e-05 0.000143727 0.000175509 -0.000133771 0.000375348 -0.000112537
internal_weight=120823 116901 115445 45315 70130 27808
internal_count=120823 116901 115445 45315 70130 27808
is_linear=0
shrinkage=0.05


Tree=59
num_leaves=7
num_cat=0
split_feature=0 3 2 0 2 0
split_gain=7.54448 3.41217 3.38895 1.88853 2.88581 2.03765
threshold=116.50000000000001 1.0000000180025095e-35 7.5000000000000009 79.500000000000014 1.5000000000000002 38.500000000000007
decision_type=2 2 2 2 2 2
left_child=1 2 3 4 -1 -6
right_child=-2 -3 -4 -5 5 -7
leaf_value=0.00033770242763841009 -0.0030379025297254869 0.0011116691412253257 -0.0029046204167136403 0.0010785172300593418 -0.0026335291008809845 -0.00074133336499524437
leaf_weight=28623 2940 39995 1507 21075 5445 21310
leaf_count=28623 2940 39995 1507 21075 5445 21310
internal_value=7.1857e-05 0.000134262 -5.83595e-05 -1.2e-05 -0.000165303 -0.000538584
internal_weight=120895 117955 77960 76453 55378 26755
internal_count=120895 117955 77960 76453 55378 26755
is_linear=0
shrinkage=0.05


Tree=60
num_leaves=7
num_cat=0
split_feature=0 2 5 2 0 0
split_gain=7.81153 3.0139 2.4738 1.80325 4.22475 2.00427
threshold=117.50000000000001 7.5000000000000009 17.500000000000004 2.5000000000000004 34.500000000000007 76.500000000000014
decision_type=2 2 2 2 2 2
left_child=1 2 3 -1 -5 -6
right_child=-2 -3 -4 4 5 -7
leaf_value=0.00039059629719325042 -0.0029314104656229618 -0.0025474382883125938 0.00091712928333956528 -0.0043157991185508717 -0.001670581411610922 0.00039028863964132122
leaf_weight=43269 1950 1763 44712 1040 11654 16474
leaf_count=43269 1950 1763 44712 1040 11654 16474
internal_value=7.86402e-05 0.000130175 0.000161091 -1.94293e-05 -0.000323244 -0.00020723
internal_weight=120862 118912 117149 72437 29168 28128
internal_count=120862 118912 117149 72437 29168 28128
is_linear=0
shrinkage=0.05


Tree=61
num_leaves=7
num_cat=0
split_feature=0 4 2 0 0 2
split_gain=6.74917 3.05103 1.88301 2.50019 2.23161 1.81533
threshold=117.50000000000001 1.0079155407369356 2.5000000000000004 61.500000000000007 37.500000000000007 5.5000000000000009
decision_type=2 10 2 2 2 2
left_child=1 5 4 -4 -3 -1
right_child=-2 2 3 -5 -6 -7
leaf_value=2.7557037029347352e-05 -0.0027848399423418138 0.00031653718014800354 -0.002579359482289469 0.00037688269245028379 0.0029021047030199278 -0.0015066013937119617
leaf_weight=72126 1926 10876 1047 11520 15411 7836
leaf_count=72126 1926 10876 1047 11520 15411 7836
internal_value=6.58816e-05 0.000113532 0.000476981 -2.64476e-05 0.000717614 -6.30885e-05
internal_weight=120742 118816 38854 12567 26287 79962
internal_count=120742 118816 38854 12567 26287 79962
is_linear=0
shrinkage=0.05


Tree=62
num_leaves=7
num_cat=0
split_feature=0 2 3 2 0 0
split_gain=7.5935 2.48744 2.06194 1.90751 5.34048 2.79411
threshold=117.50000000000001 7.5000000000000009 11.067414946723497 2.5000000000000004 38.500000000000007 80.500000000000014
decision_type=2 2 2 2 2 2
left_child=1 2 3 -1 -5 -6
right_child=-2 -3 -4 4 5 -7
leaf_value=0.00045084056629873977 -0.0026063198831507497 -0.0022817341574705298 0.0021492088960782842 -0.003571496081433841 -0.0013803578713629438 0.00062396725003902693
leaf_weight=60304 1945 1787 16072 1789 15568 23454
leaf_count=60304 1945 1787 16072 1789 15568 23454
internal_value=5.00108e-05 0.000100732 0.000128998 4.5367e-05 -0.000218603 -9.59591e-05
internal_weight=120919 118974 117187 101115 40811 39022
internal_count=120919 118974 117187 101115 40811 39022
is_linear=0
shrinkage=0.05


Tree=63
num_leaves=7
num_cat=0
split_feature=0 4 0 0 2 0
split_gain=7.36645 2.53028 2.59404 3.07538 2.93543 1.48153
threshold=117.50000000000001 0.92214863355976917 42.500000000000007 111.50000000000001 1.0000000180025095e-35 28.500000000000004
decision_type=2 10 2 2 2 2
left_child=1 -1 4 -4 5 -3
right_child=-2 2 3 -5 -6 -7
leaf_value=-0.0002148779968681713 -0.0020439878954751647 0.00011240245271612498 0.0016685493659422013 -0.0021503754342863 -0.0015457586600085118 0.0030920745810851932
leaf_weight=61239 1962 7250 36176 4069 7668 2455
leaf_count=61239 1962 7250 36176 4069 7668 2455
internal_value=6.32946e-05 0.000113514 0.000351335 0.000571739 -0.000159253 0.000418383
internal_weight=120819 118857 57618 40245 17373 9705
internal_count=120819 118857 57618 40245 17373 9705
is_linear=0
shrinkage=0.05


Tree=64
num_leaves=7
num_cat=0
split_feature=0 5 2 0 0 0
split_gain=7.4457 2.66058 2.65018 2.86835 1.97138 2.19625
threshold=117.50000000000001 17.500000000000004 2.5000000000000004 34.500000000000007 46.500000000000007 111.50000000000001
decision_type=2 2 2 2 2 2
left_child=1 2 -1 -4 -3 -6
right_child=-2 4 3 -5 5 -7
leaf_value=0.00035277838715370427 -0.0025605416524367972 -0.00017908647083799247 -0.0041503204195164189 -0.00086947354964940396 0.0018037015476756555 -0.0015992433366302833
leaf_weight=43472 1946 13824 1075 29482 27235 4044
leaf_count=43472 1946 13824 1075 29482 27235 4044
internal_value=4.74469e-05 9.76188e-05 -8.68182e-05 -0.000443606 0.000400317 0.000620045
internal_weight=121078 119132 74029 30557 45103 31279
internal_count=121078 119132 74029 30557 45103 31279
is_linear=0
shrinkage=0.05


Tree=65
num_leaves=7
num_cat=0
split_feature=1 2 1 2 1 2
split_gain=7.91842 2.53942 3.43028 3.76881 2.90191 1.73898
threshold=2.5000000000000004 3.5000000000000004 76.500000000000014 2.5000000000000004 31.500000000000004 1.0000000180025095e-35
decision_type=2 2 2 2 2 2
left_child=-1 2 -2 5 -3 -4
right_child=1 4 3 -5 -6 -7
leaf_value=-0.002476807461424754 0.0014082336946321227 0.00021705501909623847 0.00065639373939406791 -0.0030459447448913154 -0.0018869221536343345 -0.00051000278333319579
leaf_weight=2009 43711 20190 21900 2097 11558 19742
leaf_count=2009 43711 20190 21900 2097 11558 19742
internal_value=6.6557e-05 0.000119083 0.000258133 -5.49218e-05 -0.000263912 4.93434e-05
internal_weight=121207 119198 87450 43739 31748 41642
internal_count=121207 119198 87450 43739 31748 41642
is_linear=0
shrinkage=0.05


end of trees

feature_importances:
legal_balls=154
wickets=140
run_rate_rel=38
balls_remaining=23
wickets_last_12=22
runs_vs_par=16
runs_last_12=3

parameters:
[boosting: gbdt]
[objective: quantile]
[metric: quantile]
[tree_learner: serial]
[device_type: cpu]
[data_sample_strategy: bagging]
[data: ]
[valid: ]
[num_iterations: 66]
[learning_rate: 0.05]
[num_leaves: 7]
[num_threads: 4]
[seed: 7]
[deterministic: 1]
[force_col_wise: 0]
[force_row_wise: 1]
[histogram_pool_size: -1]
[max_depth: -1]
[min_data_in_leaf: 1000]
[min_sum_hessian_in_leaf: 0.001]
[bagging_fraction: 0.8]
[pos_bagging_fraction: 1]
[neg_bagging_fraction: 1]
[bagging_freq: 1]
[bagging_seed: 17422]
[bagging_by_query: 0]
[feature_fraction: 0.8]
[feature_fraction_bynode: 1]
[feature_fraction_seed: 7040]
[extra_trees: 0]
[extra_seed: 6516]
[early_stopping_round: 0]
[early_stopping_min_delta: 0]
[first_metric_only: 0]
[max_delta_step: 0]
[lambda_l1: 0]
[lambda_l2: 5]
[linear_lambda: 0]
[min_gain_to_split: 0]
[drop_rate: 0.1]
[max_drop: 50]
[skip_drop: 0.5]
[xgboost_dart_mode: 0]
[uniform_drop: 0]
[drop_seed: 15215]
[top_rate: 0.2]
[other_rate: 0.1]
[min_data_per_group: 100]
[max_cat_threshold: 32]
[cat_l2: 10]
[cat_smooth: 10]
[max_cat_to_onehot: 4]
[top_k: 20]
[monotone_constraints: ]
[monotone_constraints_method: basic]
[monotone_penalty: 0]
[feature_contri: ]
[forcedsplits_filename: ]
[refit_decay_rate: 0.9]
[cegb_tradeoff: 1]
[cegb_penalty_split: 0]
[cegb_penalty_feature_lazy: ]
[cegb_penalty_feature_coupled: ]
[path_smooth: 0]
[interaction_constraints: ]
[verbosity: -1]
[saved_feature_importance_type: 0]
[use_quantized_grad: 0]
[num_grad_quant_bins: 4]
[quant_train_renew_leaf: 0]
[stochastic_rounding: 1]
[linear_tree: 0]
[max_bin: 255]
[max_bin_by_feature: ]
[min_data_in_bin: 3]
[bin_construct_sample_cnt: 200000]
[data_random_seed: 61]
[is_enable_sparse: 1]
[enable_bundle: 1]
[use_missing: 1]
[zero_as_missing: 0]
[feature_pre_filter: 1]
[pre_partition: 0]
[two_round: 0]
[header: 0]
[label_column: ]
[weight_column: ]
[group_column: ]
[ignore_column: ]
[categorical_feature: ]
[forcedbins_filename: ]
[precise_float_parser: 0]
[parser_config_file: ]
[objective_seed: 15521]
[num_class: 1]
[is_unbalance: 0]
[scale_pos_weight: 1]
[sigmoid: 1]
[boost_from_average: 1]
[reg_sqrt: 0]
[alpha: 0.05]
[fair_c: 1]
[poisson_max_delta_step: 0.7]
[tweedie_variance_power: 1.5]
[lambdarank_truncation_level: 30]
[lambdarank_norm: 1]
[label_gain: ]
[lambdarank_position_bias_regularization: 0]
[eval_at: ]
[multi_error_top_k: 1]
[auc_mu_weights: ]
[num_machines: 1]
[local_listen_port: 12400]
[time_out: 120]
[machine_list_filename: ]
[machines: ]
[gpu_platform_id: -1]
[gpu_device_id: -1]
[gpu_device_id_list: ]
[gpu_use_dp: 0]
[num_gpu: 1]

end of parameters

pandas_categorical:null
